100 100
44 49
80 33
10 100
43 94
33 86
32 31
65 96
37 58
47 80
42 14
66 34
1 25
53 65
40 68
65 18
40 71
21 57
53 4
11 57
27 68
25 99
8 90
84 64
47 72
57 15
70 34
31 87
53 50
35 57
75 2
55 48
100 20
42 15
50 14
76 14
7 66
91 45
1 83
8 3
43 76
25 72
35 13
40 16
79 24
79 59
46 33
23 30
68 58
53 70
82 86
44 28
46 99
12 74
46 20
27 57
56 49
73 13
38 64
65 72
81 66
92 41
21 70
90 37
47 34
80 5
100 33
33 98
78 74
8 24
38 67
79 29
2 18
40 74
88 31
91 65
20 29
50 39
1 77
12 60
6 4
2 14
48 26
56 85
59 87
35 27
70 5
50 79
66 45
83 51
92 4
84 97
27 33
24 80
54 34
97 13
9 36
12 84
49 96
12 59
42 97
91 45
