500 300
389 196
293 498
278 100
181 443
284 295
391 402
444 334
47 464
453 14
480 333
116 423
488 194
390 229
57 128
243 409
256 472
288 99
387 226
154 348
481 124
50 342
363 360
405 75
445 466
312 76
190 408
3 167
253 13
436 24
496 428
23 182
266 82
196 234
440 481
307 179
142 38
272 410
229 472
153 280
158 335
411 237
77 283
6 470
290 26
97 51
245 139
63 152
130 62
93 496
434 69
226 303
220 490
384 61
292 322
92 146
275 31
162 185
469 217
393 258
134 493
468 441
338 65
448 213
497 476
436 394
444 427
469 437
320 138
203 475
127 139
481 368
434 4
418 238
171 62
395 490
293 234
398 107
101 54
439 476
420 428
343 215
357 303
88 149
97 450
77 305
483 336
324 299
331 166
73 167
14 180
14 443
131 67
29 43
363 146
452 167
163 314
137 170
148 228
148 344
256 335
315 305
395 237
259 420
421 295
178 32
418 21
285 12
142 244
312 56
125 43
456 303
154 425
201 295
19 139
309 72
221 56
166 473
91 155
223 277
25 67
67 53
169 360
361 106
142 118
188 47
94 445
134 167
84 472
180 403
114 241
327 315
188 456
162 130
461 102
309 40
427 372
297 443
44 305
109 392
331 426
122 178
158 16
93 133
291 372
411 239
185 232
146 183
357 235
43 151
276 450
424 25
12 406
360 77
451 381
208 167
269 355
159 52
67 447
3 148
444 451
493 123
118 54
273 312
197 447
208 361
473 410
106 470
231 485
415 88
271 498
392 410
208 390
73 478
132 106
168 183
36 309
83 33
431 81
486 371
343 485
50 345
166 233
339 312
360 92
408 74
296 51
301 1
379 25
31 237
421 190
101 53
199 180
38 53
49 78
262 117
227 92
457 477
12 364
144 409
71 471
220 104
208 499
264 353
256 471
164 43
296 394
10 184
361 18
75 12
49 388
484 143
233 184
364 326
393 238
53 322
87 210
95 340
31 397
34 371
407 206
377 206
422 367
273 362
227 254
84 107
315 402
106 277
256 105
250 198
144 47
91 428
248 488
488 54
291 287
301 85
111 104
3 165
238 335
55 232
55 121
181 149
443 33
156 468
184 96
462 2
459 423
360 159
54 298
320 191
192 85
161 206
201 230
385 307
444 412
397 352
98 22
267 178
405 322
285 442
497 381
1 152
321 253
36 459
184 43
409 305
196 123
452 86
202 294
387 236
50 201
138 13
457 29
138 336
297 447
368 240
304 51
408 498
169 61
498 82
336 76
55 230
365 207
240 152
113 349
495 112
444 93
343 455
435 76
73 191
448 354
301 308
11 243
231 111
424 292
324 420
117 374
161 289
217 330
32 437
497 239
498 408
