1000 200
911 699
293 662
615 100
181 443
636 688
391 402
444 334
47 464
453 588
868 821
116 565
629 194
390 229
57 803
952 100
472 243
980 256
647 116
387 564
512 348
481 124
894 749
838 229
895 363
573 729
741 445
408 697
190 629
545 696
253 13
24 293
428 436
907 496
82 23
234 713
179 515
871 307
811 142
280 272
909 866
651 158
283 411
470 77
26 6
991 836
139 97
245 307
757 152
689 62
69 880
303 434
871 572
61 930
603 707
146 574
31 990
185 865
217 902
861 469
906 393
181 548
880 441
65 468
213 338
538 747
394 497
437 886
623 653
203 475
368 579
778 4
976 725
940 395
791 714
973 737
796 470
343 215
149 876
891 753
662 680
13 336
733 483
713 803
777 533
703 607
67 180
43 131
452 531
519 573
170 163
543 137
148 714
315 816
421 905
163 966
21 178
550 548
256 608
244 395
562 56
368 796
456 607
201 425
72 19
760 309
637 513
277 665
685 841
245 966
628 163
617 169
283 888
938 574
844 293
338 94
980 131
403 785
114 241
846 327
545 461
372 40
297 443
822 620
426 672
16 122
291 609
239 938
660 902
701 720
841 151
276 697
406 602
451 949
6 208
678 599
844 949
395 52
447 569
185 123
760 517
887 954
813 426
271 875
203 478
132 966
36 705
816 309
572 881
996 83
431 602
486 984
233 345
74 339
1 296
838 897
891 779
560 199
117 927
227 262
545 575
777 873
511 549
71 471
661 590
264 353
824 164
18 648
143 892
717 484
87 210
878 554
582 397
387 532
765 865
291 724
422 950
362 169
148 114
472 631
198 536
248 250
71 784
700 85
434 690
554 883
121 757
61 864
726 709
672 345
639 462
527 298
201 757
651 192
999 161
913 729
998 569
352 1
43 22
267 508
773 665
647 116
