100 200
44 49
80 33
10 100
43 94
31 86
96 32
58 65
47 37
42 14
66 34
66 25
53 1
33 68
18 40
57 71
53 49
4 21
27 11
90 99
8 40
84 64
15 72
70 15
86 66
31 94
50 87
84 90
35 37
58 2
48 75
2 94
20 55
76 47
99 68
18 7
31 45
7 65
83 91
13 3
8 66
45 49
24 16
45 14
21 42
96 79
40 76
18 59
44 87
46 3
23 30
44 32
35 49
82 99
74 28
12 42
18 56
35 56
100 14
73 4
38 68
34 37
80 11
57 81
57 41
92 55
20 5
10 75
57 14
66 41
8 42
44 48
98 65
23 58
78 86
73 2
82 1
67 1
29 68
78 7
25 88
68 81
64 57
40 16
24 74
7 71
45 15
16 13
55 74
46 15
98 28
91 39
90 98
78 77
60 84
100 72
94 87
27 83
26 6
85 94
56 11
16 99
26 38
64 30
60 21
27 13
77 66
51 57
97 87
35 98
60 44
66 100
99 5
92 7
30 94
83 54
12 71
3 36
35 9
74 45
77 55
70 29
21 49
78 25
91 49
78 100
64 15
96 40
74 39
54 67
7 73
55 81
53 48
77 3
63 34
58 99
2 45
86 57
27 57
58 49
18 37
25 72
63 48
7 15
78 62
63 14
32 14
16 62
1 79
80 65
16 56
74 43
82 72
32 98
90 66
97 7
68 79
28 13
85 68
22 88
51 55
20 65
97 36
56 21
7 57
31 79
29 12
96 87
78 55
35 11
24 11
77 33
77 87
98 49
92 6
83 37
23 93
16 71
90 42
12 65
44 94
7 47
91 94
25 1
74 34
26 21
50 9
35 7
40 43
41 69
50 68
4 43
13 72
90 21
54 56
40 89
95 35
91 29
46 43
55 75
95 31
77 74
