200 500
123 196
172 33
10 100
181 200
105 86
105 173
113 96
37 58
14 47
144 114
193 66
194 116
40 68
18 40
57 128
132 175
27 11
140 99
164 132
150 64
124 154
70 33
50 121
186 35
189 75
20 103
198 76
35 45
167 190
3 68
186 13
24 159
120 79
96 145
189 116
128 182
23 116
103 82
132 174
176 74
156 179
114 38
142 114
41 38
104 120
153 5
158 112
41 197
147 190
75 74
153 39
76 77
6 115
26 70
51 102
139 97
36 96
63 152
154 62
70 130
93 120
69 197
47 89
176 111
52 191
61 159
90 136
26 57
37 186
100 175
100 85
146 198
31 92
3 49
164 154
162 185
133 115
95 117
162 136
110 78
134 47
157 135
167 65
152 7
18 5
109 74
59 82
31 38
108 61
11 160
191 173
41 190
157 65
110 74
126 44
1 6
22 138
129 89
112 111
82 185
71 27
176 190
70 78
153 127
128 44
16 134
4 103
123 200
31 52
134 9
49 9
141 116
18 33
191 171
105 64
71 47
133 191
199 134
179 172
107 78
54 15
101 108
162 42
128 58
174 102
157 81
34 122
18 122
35 132
193 6
173 117
46 198
127 149
28 88
4 45
107 55
158 62
46 63
187 79
8 37
119 129
194 174
142 172
35 152
193 44
98 111
128 81
3 64
166 6
127 48
103 102
138 7
73 85
158 122
67 180
132 200
15 131
15 13
154 5
26 76
54 70
76 171
132 43
93 190
29 111
128 179
177 67
192 97
150 55
23 7
75 50
186 44
28 58
163 140
187 69
65 96
104 69
170 78
100 58
137 37
49 159
4 95
96 139
83 11
83 148
191 165
23 159
4 130
28 110
31 174
26 190
112 148
135 161
34 60
86 76
49 170
66 145
27 31
80 20
142 90
192 121
101 98
167 83
174 32
178 48
153 88
21 39
18 76
73 136
152 190
115 92
40 24
162 194
166 121
178 60
99 48
191 92
1 42
112 75
12 64
187 22
163 44
187 146
87 34
66 38
168 96
70 102
42 48
146 108
56 175
158 95
187 144
90 12
185 147
174 115
99 179
107 68
113 131
132 85
57 125
177 194
31 62
67 89
21 161
112 147
15 32
31 168
4 79
10 122
104 122
143 55
144 128
47 13
163 74
123 190
163 30
104 140
8 6
26 84
47 88
87 139
180 97
56 24
189 197
30 88
177 34
58 172
125 51
54 123
78 48
19 64
108 65
134 72
2 165
30 59
137 175
27 130
178 190
78 183
197 179
101 127
125 89
142 95
41 129
186 86
143 164
50 174
34 174
142 100
153 128
42 180
43 42
141 36
161 170
15 82
155 17
108 179
51 183
91 64
23 172
91 184
46 70
81 142
43 181
186 92
186 141
29 64
27 178
16 172
199 61
122 171
143 136
2 84
168 12
45 181
1 98
104 150
70 14
128 122
151 36
2 147
28 180
187 76
57 160
141 125
39 139
83 5
64 97
167 13
6 76
73 25
31 48
63 78
167 14
147 13
119 41
192 12
91 159
19 87
52 53
19 81
22 36
155 38
27 176
166 16
138 85
150 42
101 116
113 52
91 16
101 175
50 102
169 165
177 79
162 165
159 171
168 81
93 200
7 145
104 33
1 73
137 5
80 33
22 23
50 25
1 103
142 183
184 116
130 159
104 73
8 69
104 75
90 55
120 185
137 173
42 117
73 89
22 42
26 16
140 115
193 60
133 171
54 29
65 42
8 106
147 111
126 182
19 194
109 183
109 116
26 176
107 142
195 181
142 125
132 161
46 87
176 58
21 99
129 34
70 156
140 6
149 171
8 154
2 83
90 108
10 121
115 190
20 39
129 112
143 148
40 96
177 113
99 131
194 45
178 135
123 39
2 133
121 165
144 68
194 65
63 96
51 55
101 138
125 115
116 55
164 133
40 196
53 106
69 67
113 164
15 36
20 165
29 39
107 103
19 164
81 126
114 90
57 183
70 72
119 53
71 5
153 141
178 47
2 171
195 55
66 48
189 1
76 24
109 43
189 43
154 190
22 130
158 33
150 173
10 176
115 53
4 98
166 180
146 121
57 85
187 107
135 132
128 142
185 181
36 84
131 13
3 76
157 1
118 96
147 48
109 6
68 149
188 106
56 25
170 117
15 116
135 75
137 174
123 151
9 159
34 172
102 48
136 5
72 33
56 40
187 145
133 60
69 45
110 179
86 42
119 127
66 34
161 38
167 64
103 64
163 61
135 188
29 135
105 75
82 55
171 122
