700 1000
389 699
293 662
389 100
443 615
688 181
402 636
334 391
464 444
588 47
333 453
565 480
194 116
229 629
128 390
669 57
472 243
99 256
564 647
348 387
124 512
342 481
360 552
75 363
405 669
445 573
697 76
190 408
545 696
253 13
436 24
496 428
23 182
266 82
515 234
697 179
38 307
142 363
272 410
153 280
158 335
411 651
57 283
470 77
26 6
698 290
139 97
152 245
124 523
689 62
93 496
434 69
572 303
649 97
585 61
574 603
92 146
679 31
621 185
469 217
393 593
548 493
441 408
65 468
338 290
448 213
497 538
594 394
437 283
623 653
190 475
689 203
579 402
4 368
418 238
395 171
676 107
101 54
420 577
215 280
605 343
149 577
23 618
680 450
336 307
483 548
533 614
607 166
73 256
67 180
43 131
452 531
163 519
170 142
543 137
344 148
664 315
497 421
178 32
550 21
244 608
697 54
389 56
562 545
76 456
201 425
72 19
453 309
607 75
513 640
116 637
277 665
223 533
623 685
628 480
617 169
118 361
188 142
443 94
403 591
679 241
327 114
461 535
453 40
297 372
392 620
426 672
16 122
291 609
149 651
660 239
183 608
151 235
602 276
381 406
451 65
73 208
215 599
52 678
447 569
517 123
485 197
643 231
478 271
168 132
598 36
81 83
450 431
73 612
574 54
345 486
233 361
339 19
565 74
1 296
379 301
57 199
560 40
117 49
16 262
636 31
227 543
81 575
549 633
511 290
71 471
590 379
444 661
264 353
164 363
184 348
18 648
388 381
428 143
484 344
574 485
688 394
587 697
445 533
485 210
87 338
554 603
397 95
679 582
696 532
168 407
367 377
388 303
362 422
483 672
579 640
631 16
536 343
250 198
248 649
183 431
408 505
700 85
580 690
700 121
96 156
462 2
649 639
527 298
161 192
56 230
388 385
352 506
296 19
184 22
508 402
267 333
161 442
628 72
403 442
62 321
591 296
645 394
266 294
227 202
689 236
304 240
92 551
481 230
567 674
96 113
309 36
495 112
688 455
352 522
526 464
627 343
612 101
199 309
374 11
330 289
372 150
172 96
23 110
171 252
561 219
71 67
175 174
230 329
188 613
451 697
438 147
46 387
194 316
441 128
387 492
624 166
325 446
338 410
461 429
201 422
68 687
208 400
346 116
548 390
216 602
395 678
393 58
547 647
39 686
515 22
494 614
425 601
225 689
472 369
429 302
356 298
694 614
101 210
81 244
463 177
65 397
244 647
430 534
700 136
245 142
460 300
5 693
279 529
389 522
612 218
163 529
225 679
121 265
211 261
17 260
682 635
627 428
136 205
493 465
613 481
611 119
350 637
345 418
671 599
462 571
224 54
619 414
41 566
270 475
80 421
588 487
443 697
327 428
561 402
113 542
339 337
653 247
556 208
366 54
370 353
628 539
240 163
462 560
402 242
618 670
583 511
190 560
613 18
30 541
594 164
291 673
405 336
120 126
186 261
368 657
316 203
74 282
108 442
263 679
642 408
681 616
448 373
543 198
151 575
482 406
671 192
425 42
404 32
655 474
487 49
253 296
169 422
555 422
20 684
454 195
212 449
653 602
530 28
380 370
692 204
369 525
281 283
136 90
157 611
315 657
402 520
397 687
485 150
124 325
448 321
700 290
581 553
494 100
483 661
444 140
59 97
574 252
30 534
379 219
694 16
691 646
664 139
240 668
360 15
595 578
694 410
462 699
489 115
537 282
554 137
664 184
15 268
21 307
652 135
432 185
594 496
20 649
417 183
103 318
227 359
70 408
403 136
517 621
173 151
243 8
233 236
530 405
128 271
72 622
648 122
9 639
132 66
593 274
503 337
640 520
61 586
700 547
149 313
468 306
20 302
454 666
212 347
393 208
248 31
187 257
392 419
675 160
139 382
151 685
510 76
591 343
352 528
401 640
70 332
92 300
487 164
287 285
412 282
215 149
625 398
249 376
201 170
579 163
154 144
473 561
624 675
316 184
164 8
440 610
174 605
273 589
258 686
314 577
676 338
216 611
23 35
515 137
372 49
278 274
350 532
667 69
15 376
83 63
280 127
677 460
634 32
604 235
217 246
249 309
421 662
598 626
73 444
216 538
583 474
451 416
29 154
324 206
428 192
525 89
187 318
102 40
1 408
699 105
341 377
484 82
211 506
611 558
103 492
611 410
557 1
238 442
653 262
428 203
491 522
69 129
652 219
595 600
619 667
228 376
569 465
694 62
610 582
424 35
3 512
117 185
124 445
493 525
464 528
151 491
323 299
83 635
695 153
12 364
123 678
298 344
613 258
301 207
225 11
257 632
59 375
694 252
562 700
126 282
173 606
190 274
368 456
552 200
151 351
664 80
317 330
35 506
669 692
334 280
243 298
448 476
327 167
682 414
627 167
184 78
606 236
694 400
389 426
688 110
562 493
484 302
100 432
634 123
515 101
11 358
120 529
153 381
643 125
90 143
555 359
240 200
425 423
454 347
226 136
324 395
563 226
530 471
78 651
517 208
324 319
349 686
233 155
546 159
189 166
100 161
586 239
490 113
334 572
561 678
287 525
466 43
21 245
538 292
425 697
486 477
451 119
664 493
390 330
267 239
423 582
22 117
604 481
279 420
439 457
588 66
580 118
524 638
466 511
643 54
113 532
55 359
554 522
270 383
672 119
587 315
556 646
34 285
34 193
397 694
450 440
688 695
57 686
691 212
317 411
657 541
25 343
634 40
384 179
377 63
277 58
399 90
643 431
563 326
250 505
465 4
324 349
663 654
128 6
676 476
104 652
554 484
12 687
516 84
35 518
67 16
325 665
427 423
433 55
46 560
175 28
684 221
226 506
101 252
366 430
418 476
428 307
32 82
70 632
229 340
20 631
681 33
355 585
65 263
336 286
487 553
583 136
235 603
540 508
587 591
30 303
550 347
468 203
688 539
523 529
493 167
683 306
56 534
191 322
556 591
357 256
690 582
114 159
698 593
21 597
169 439
84 506
375 541
482 390
357 418
613 616
545 475
659 668
533 504
182 406
133 161
333 74
332 353
644 466
56 383
139 696
110 43
512 307
369 351
367 119
447 560
699 1
187 378
361 289
412 290
419 542
27 371
384 361
527 446
573 651
521 570
445 256
656 212
601 648
658 164
128 322
59 257
190 105
448 569
23 244
88 282
45 153
516 44
601 678
169 608
287 108
372 474
248 355
649 629
464 511
207 162
653 525
509 203
25 453
245 274
587 208
320 299
379 148
152 311
466 323
416 70
68 422
473 98
683 195
515 480
292 222
161 140
308 28
571 532
624 189
53 298
363 541
563 384
261 488
260 571
621 603
347 413
88 31
314 425
254 361
225 100
25 514
482 576
244 283
388 205
98 75
349 302
476 475
514 102
154 215
53 258
229 354
405 537
561 87
434 542
310 491
602 118
339 347
354 370
562 313
549 578
17 682
680 638
151 257
81 257
337 440
355 581
17 5
572 284
334 637
568 359
458 135
299 77
432 577
296 422
132 438
151 67
550 595
263 514
367 579
181 15
296 57
448 6
430 252
677 629
690 387
164 648
276 185
447 524
291 276
287 46
527 113
25 375
459 637
334 537
523 159
57 192
596 114
64 357
612 180
369 412
491 63
562 520
55 495
397 33
663 662
328 164
699 552
540 53
562 437
223 369
6 76
156 200
65 107
296 543
472 366
481 415
461 121
276 303
276 239
623 607
169 213
253 33
277 260
195 517
247 122
380 343
112 50
511 258
355 394
56 438
46 86
205 607
225 673
31 116
23 155
402 37
665 95
416 187
373 518
62 696
35 288
521 520
224 150
567 686
64 75
10 22
356 164
580 271
220 587
402 480
547 289
700 549
88 457
451 434
521 31
88 217
667 142
360 520
388 66
284 288
445 1
352 689
101 250
660 680
103 204
120 270
73 691
7 673
70 546
679 682
237 404
38 153
388 670
594 512
376 40
82 33
524 121
466 602
671 415
273 545
325 470
281 613
516 581
73 538
324 398
149 311
571 86
321 535
394 284
554 651
237 386
103 411
342 151
556 632
285 391
582 131
625 524
643 348
512 63
3 682
116 161
224 164
229 138
447 583
580 494
304 476
442 639
604 662
285 189
381 138
691 399
404 698
362 585
429 207
483 236
139 203
672 504
263 14
688 41
199 353
620 686
38 461
170 468
658 198
225 410
457 108
567 204
437 414
233 401
508 42
246 600
117 145
337 670
238 169
484 72
625 629
565 366
691 668
48 650
85 614
11 254
555 64
280 442
616 63
103 106
179 274
326 529
252 614
563 139
524 586
181 495
331 239
237 632
320 374
323 149
554 552
503 311
80 206
527 9
297 522
23 452
443 567
425 551
107 159
235 75
462 483
183 504
381 293
278 619
29 232
545 492
110 204
417 253
20 486
499 594
667 112
451 460
485 677
308 397
498 442
120 412
694 7
591 641
483 470
216 512
497 417
45 132
443 285
342 250
590 548
88 686
693 492
585 13
225 270
194 355
87 208
167 627
