1000 2000
911 699
293 662
615 100
181 443
636 688
391 402
444 334
47 464
453 588
868 821
116 565
629 194
390 229
57 803
243 952
256 472
647 980
387 564
512 348
699 124
749 481
838 894
895 363
573 729
741 445
408 697
696 190
545 629
253 13
436 24
496 428
23 907
713 82
234 391
179 515
871 307
142 229
272 811
280 515
909 866
651 158
283 411
470 77
26 6
991 836
139 97
152 245
62 757
729 689
69 880
303 434
930 572
707 61
574 603
146 411
31 990
185 865
217 902
861 469
906 393
441 548
65 468
213 338
747 142
497 538
886 394
653 437
475 623
579 203
368 65
778 4
725 142
395 976
714 940
791 428
973 737
215 796
876 343
753 149
680 891
336 272
733 483
777 533
703 607
67 180
131 909
531 43
452 47
753 519
615 163
137 170
148 543
315 816
905 778
245 421
178 966
550 21
244 608
185 894
56 243
456 562
425 137
19 201
309 72
513 760
665 637
841 277
628 685
617 169
938 888
94 844
785 888
531 403
114 241
327 411
461 846
372 40
297 203
822 620
426 672
16 122
689 609
911 291
239 244
660 213
720 844
151 701
602 276
406 13
451 949
599 208
52 678
447 569
517 123
887 954
875 813
478 271
705 132
881 36
496 122
83 816
272 996
338 100
984 431
345 486
339 233
296 74
897 1
199 779
560 293
117 927
227 262
575 13
549 873
387 511
71 471
590 940
661 65
264 353
164 990
648 824
892 18
484 143
210 717
554 87
67 878
949 397
582 836
532 865
724 765
861 950
362 422
425 631
198 536
248 250
85 784
453 700
690 875
121 883
709 864
572 394
462 726
550 343
298 639
192 527
161 822
248 999
998 913
560 717
22 352
267 508
321 773
229 827
995 753
236 202
304 240
551 976
26 674
113 780
772 965
455 169
241 708
526 538
11 627
26 374
330 289
452 867
497 172
252 110
717 445
678 219
807 229
707 840
782 874
613 883
772 395
631 484
94 715
707 438
739 786
624 492
325 446
628 926
827 697
687 996
117 68
818 400
735 216
686 903
729 39
400 492
746 68
225 601
194 369
709 302
356 906
177 694
534 946
136 430
300 136
839 460
529 860
689 850
304 218
65 265
261 697
260 211
635 912
682 871
696 205
751 465
350 847
23 218
671 363
714 571
131 964
751 414
832 149
41 566
80 721
880 804
337 830
709 262
917 277
808 185
366 647
513 573
370 554
539 72
670 242
742 438
950 541
11 779
325 30
465 867
749 673
120 126
657 710
751 774
718 783
353 770
203 865
681 918
16 804
136 373
42 482
740 792
139 114
43 950
655 283
208 997
20 684
152 195
449 454
345 933
139 28
380 530
781 204
903 74
790 422
759 281
869 18
887 866
984 449
553 520
917 307
100 581
170 919
252 307
887 59
550 646
691 453
526 565
545 668
484 963
776 896
430 115
682 599
537 763
268 241
956 135
872 432
103 318
70 359
198 743
452 170
622 8
69 609
325 9
66 700
274 609
62 482
586 503
512 233
306 313
47 443
315 985
694 422
737 347
890 257
861 705
160 419
675 543
617 382
69 510
711 443
549 401
285 332
750 787
398 513
272 470
625 492
939 28
43 930
370 249
144 471
297 814
610 932
300 847
736 359
273 589
573 397
537 682
314 258
278 35
28 909
63 730
627 589
272 917
127 496
677 609
604 634
246 144
626 482
447 941
206 704
80 324
573 955
815 102
341 243
869 558
512 916
80 491
600 856
291 866
424 797
3 362
323 842
695 204
634 850
714 364
207 12
114 721
818 632
375 122
434 606
803 558
624 200
317 351
884 902
665 167
472 753
961 562
358 807
879 74
423 324
563 226
319 918
687 349
155 537
71 608
159 515
795 571
969 314
586 82
895 490
803 581
936 466
977 31
721 167
691 907
998 1
457 201
911 439
638 422
55 524
34 383
25 193
384 113
936 399
456 226
632 824
654 789
663 218
210 627
808 313
694 164
84 960
886 516
518 192
350 427
368 433
647 813
221 397
33 755
788 355
540 313
26 683
937 996
740 191
886 357
659 597
123 853
444 382
644 848
617 378
12 857
27 571
225 349
570 907
656 521
454 116
352 313
88 658
668 443
44 810
821 445
162 216
234 921
116 508
814 357
320 551
843 969
682 208
841 754
283 222
615 968
858 185
755 488
348 413
254 527
576 851
539 354
890 110
453 39
274 851
942 775
191 446
568 199
239 801
325 677
596 819
744 800
936 406
454 415
691 50
86 936
654 929
904 94
300 877
844 220
541 7
832 237
752 349
748 158
832 14
320 283
145 267
662 650
871 48
453 902
441 411
575 454
244 423
581 982
939 331
383 589
710 232
499 824
68 902
711 736
498 775
457 641
674 960
608 281
259 554
424 62
526 457
91 888
251 674
537 16
510 82
760 347
435 318
39 479
973 409
176 962
563 109
630 382
365 14
531 895
152 709
52 501
507 30
717 778
411 437
677 993
702 689
275 872
623 305
958 79
544 519
272 992
245 794
984 87
421 422
904 625
863 234
401 195
200 431
396 606
130 295
141 165
636 924
181 592
256 449
134 60
559 368
51 312
111 828
235 28
696 235
938 103
33 454
73 269
178 29
719 496
750 161
18 796
585 935
96 870
528 186
266 360
103 482
661 932
972 770
147 441
682 632
330 899
433 249
765 965
582 921
587 356
263 921
731 742
750 625
654 320
183 719
953 773
398 944
9 488
408 202
917 581
799 443
499 786
300 848
596 572
178 377
936 418
278 641
927 266
554 2
227 483
961 950
283 81
914 982
667 405
673 97
530 369
864 314
183 162
431 349
179 168
518 771
274 614
205 827
58 578
246 800
543 440
366 52
339 101
882 769
274 837
158 24
893 76
304 320
173 916
443 24
702 680
298 912
747 904
328 850
179 479
546 964
136 217
259 411
885 494
760 220
325 138
342 603
144 405
576 941
905 62
119 412
159 363
43 70
246 516
241 672
604 843
402 688
575 35
341 862
532 614
67 400
978 875
16 98
114 960
790 340
448 6
345 792
497 894
523 343
238 57
260 90
244 582
475 840
931 999
475 140
550 55
489 128
995 279
494 210
90 142
929 407
653 549
899 552
822 404
499 59
33 642
121 381
956 805
845 815
495 199
237 194
442 724
592 910
27 194
617 520
710 538
833 310
934 431
152 784
758 883
635 379
682 58
139 435
667 332
999 269
544 682
546 715
754 447
225 894
207 899
668 571
501 857
102 567
205 909
91 954
808 507
795 101
2 269
537 146
900 218
193 924
9 816
648 329
366 108
478 922
338 591
887 725
690 274
716 46
654 374
123 708
457 314
507 421
324 708
79 393
662 992
395 792
791 131
252 941
855 286
54 525
628 431
629 825
957 146
349 949
370 584
779 588
512 739
300 455
119 852
59 465
320 520
906 697
862 208
665 964
426 172
796 562
469 313
273 422
320 582
246 910
481 587
596 259
746 921
540 70
833 402
420 870
33 635
228 822
239 891
627 940
975 474
458 64
802 762
590 680
487 19
747 158
642 804
529 455
1000 319
398 904
883 578
761 265
682 954
561 924
601 359
478 168
145 431
556 524
85 424
238 940
914 906
884 879
187 340
452 479
564 554
45 437
103 207
299 410
674 307
523 231
424 716
45 908
710 856
299 916
973 390
251 165
864 520
490 262
796 854
639 297
923 344
634 820
34 459
776 796
824 990
879 992
357 313
192 454
333 346
674 597
420 421
392 854
408 324
150 418
21 120
881 922
346 864
835 943
731 164
66 510
112 202
348 645
27 431
300 558
85 909
3 968
16 60
196 697
98 72
422 78
344 167
381 164
880 351
381 760
569 817
49 394
387 724
619 482
595 875
923 286
686 409
282 309
137 946
163 614
636 720
489 431
354 767
336 545
747 412
290 2
877 36
663 932
699 369
181 262
55 798
712 351
406 8
686 789
693 217
174 855
241 993
86 34
370 223
325 548
478 919
86 271
587 456
754 519
496 479
304 69
812 584
311 684
624 188
323 929
814 412
535 970
880 449
400 790
453 340
489 402
686 637
838 710
338 400
964 445
948 611
418 981
366 764
196 775
825 220
746 205
43 115
514 830
427 997
179 539
456 813
131 745
812 351
424 313
366 278
264 764
504 204
122 976
886 747
105 421
326 677
573 860
129 867
371 862
104 989
375 424
208 462
430 47
728 591
773 231
192 783
687 593
386 149
579 158
186 982
694 608
615 315
827 866
320 909
375 234
445 502
554 115
986 842
887 625
967 73
921 950
630 59
551 878
466 928
517 445
296 165
709 755
426 720
702 168
392 943
271 591
823 498
659 729
760 610
564 480
62 804
56 67
568 980
974 689
504 360
782 82
740 470
599 536
371 944
185 522
549 464
978 629
911 38
341 54
650 6
604 334
814 921
710 548
409 4
165 770
665 350
379 578
631 565
981 630
774 417
876 934
568 633
175 78
550 63
181 650
474 922
722 858
378 658
135 743
85 582
796 605
55 10
359 269
713 347
95 924
150 610
327 82
20 790
293 125
936 445
495 258
271 311
928 570
544 554
377 614
380 772
408 610
596 725
677 437
93 229
970 857
914 599
925 98
316 629
319 460
586 984
663 81
580 924
891 943
185 762
275 221
178 790
148 62
86 7
426 97
599 476
445 756
375 303
678 617
485 594
183 857
970 793
69 1000
198 267
627 703
789 620
252 382
628 356
543 570
717 349
263 117
207 248
577 790
242 140
392 487
187 100
782 60
345 777
864 35
111 732
660 976
450 415
689 813
398 472
339 600
365 94
838 512
388 952
644 680
474 168
517 870
458 842
736 873
978 637
936 161
595 613
572 873
159 62
583 667
41 490
379 743
326 591
185 408
130 120
808 710
689 958
476 902
606 667
783 748
656 766
421 75
734 656
451 58
686 60
549 541
579 406
682 567
535 683
693 359
442 733
719 248
378 637
984 19
626 865
814 590
569 830
740 281
464 985
777 603
362 258
706 988
935 871
691 733
108 98
851 875
287 744
496 609
692 30
686 942
164 597
304 879
290 942
154 128
621 835
547 814
838 352
843 162
383 662
176 288
418 848
959 424
551 978
866 493
448 59
117 507
706 350
551 19
256 770
12 250
182 756
632 486
880 368
577 891
188 50
507 541
686 393
656 422
253 766
267 98
263 169
237 901
335 470
834 468
911 324
712 447
700 394
887 245
71 569
710 736
782 531
523 770
795 299
602 123
892 279
864 563
868 158
657 764
518 414
912 6
389 4
17 102
516 123
623 11
774 385
925 872
553 852
504 867
864 607
448 969
183 976
796 436
973 319
921 383
5 685
911 718
151 985
693 774
539 101
657 438
282 521
791 464
170 524
722 286
216 610
702 762
526 701
715 562
964 250
557 171
501 786
83 277
330 790
646 97
639 207
516 247
593 927
838 959
661 609
181 240
806 616
63 646
532 81
818 292
272 444
162 167
744 428
365 688
509 120
407 703
228 151
335 274
183 731
681 221
991 908
336 412
244 745
979 47
298 804
551 952
28 276
802 740
723 440
179 905
528 940
551 641
537 88
49 255
567 347
264 475
448 798
485 703
274 289
461 493
991 985
849 391
789 403
897 748
287 558
474 581
50 359
798 349
346 515
306 846
357 573
328 429
468 955
831 43
772 848
335 153
944 797
758 610
554 591
20 72
811 887
584 804
28 603
37 2
932 992
740 35
934 40
141 128
363 74
547 170
811 601
530 222
640 649
116 609
267 473
974 344
152 375
760 212
559 167
129 651
235 667
550 243
862 850
96 335
470 158
673 81
25 127
131 421
489 976
554 202
456 597
264 926
435 614
886 129
375 363
560 166
377 968
12 219
516 603
699 141
884 713
568 641
235 556
476 315
754 440
733 591
160 477
422 947
52 912
322 641
977 748
34 903
757 356
118 673
376 411
647 742
718 511
754 222
8 798
50 525
707 995
207 14
528 820
472 497
931 685
998 824
750 945
475 855
747 708
160 37
416 379
434 38
284 479
404 597
52 36
193 184
838 245
987 766
399 946
476 137
947 775
69 770
210 464
638 919
592 536
587 759
76 960
584 620
869 783
107 932
579 325
735 970
630 463
890 873
811 630
449 385
348 177
748 932
975 607
869 410
120 739
25 61
363 158
17 352
285 369
244 446
268 920
481 196
645 834
133 98
398 538
604 280
321 971
238 905
86 303
46 741
483 393
376 806
841 556
245 195
585 367
389 14
392 671
25 507
717 701
980 292
762 308
56 746
33 381
648 695
783 141
412 873
532 756
100 952
644 347
788 46
120 352
205 835
276 171
669 495
531 270
706 83
91 764
917 810
12 42
81 909
998 122
159 2
725 561
355 932
892 719
127 45
494 717
35 241
719 881
580 88
237 121
750 560
880 452
37 944
184 681
670 922
570 629
472 985
583 475
722 848
648 55
476 81
172 847
811 906
710 784
686 571
991 825
321 614
197 407
903 473
616 249
355 89
583 846
711 507
481 560
316 822
845 198
82 748
371 163
227 773
812 491
897 29
93 117
5 736
386 616
686 923
73 431
683 652
958 265
357 78
802 521
187 995
788 338
361 691
427 839
215 903
73 100
568 455
155 50
648 974
736 637
41 363
152 726
535 288
139 263
467 247
356 10
177 584
664 447
872 859
215 652
829 877
469 794
228 760
270 755
485 926
33 83
450 55
550 182
311 323
566 988
236 258
160 154
684 2
504 267
709 431
155 716
523 209
416 622
884 503
263 682
438 414
554 752
504 543
791 480
604 57
757 906
573 169
435 95
746 262
254 530
217 255
206 226
261 715
124 509
869 815
46 492
96 864
425 2
838 89
487 414
311 496
792 132
885 391
107 12
259 862
998 349
608 770
33 395
54 418
583 422
146 488
404 394
146 792
210 736
501 349
450 482
381 38
728 312
151 15
636 998
913 231
613 351
631 574
774 483
766 816
258 867
678 167
683 401
224 787
645 351
911 566
512 766
624 165
885 851
826 883
815 784
875 347
776 296
177 131
32 314
336 620
925 617
718 261
974 819
64 609
263 802
124 173
901 380
617 529
679 851
971 822
758 874
951 755
471 954
276 102
769 567
476 449
874 607
820 793
941 902
572 83
989 916
189 168
809 584
339 383
471 141
247 680
273 980
271 974
879 78
21 848
263 883
139 169
145 605
127 305
766 39
333 975
339 998
381 122
225 924
953 488
560 655
749 279
458 761
66 258
91 787
700 685
695 429
139 785
220 588
557 902
94 95
504 767
208 331
113 571
766 436
639 862
738 613
319 373
979 113
909 767
758 905
759 777
274 232
487 74
203 393
909 141
840 565
278 496
182 409
621 620
781 267
668 61
478 37
213 317
159 790
550 632
629 681
835 463
376 274
491 414
494 9
405 651
504 534
795 880
142 422
253 756
544 707
677 316
576 64
527 676
409 460
750 180
939 563
950 404
904 808
86 534
822 610
753 507
532 371
67 324
748 175
39 839
95 889
287 867
225 14
444 482
711 661
406 180
310 209
458 540
11 332
216 728
872 416
979 730
848 351
673 858
783 726
856 39
319 158
274 380
962 472
264 190
550 141
799 220
198 112
686 577
157 941
512 757
604 327
839 167
146 514
931 563
583 712
973 105
754 75
916 993
237 557
138 941
495 42
282 590
312 385
441 266
605 906
145 533
95 217
198 314
904 558
982 212
240 777
86 444
268 470
601 313
780 295
60 651
432 786
336 466
823 578
713 330
129 105
215 879
663 405
575 503
942 404
330 524
843 533
596 842
272 577
104 193
871 445
370 489
625 742
812 401
986 617
38 597
225 941
357 79
317 983
707 353
989 823
386 641
452 915
628 952
412 898
193 283
298 502
660 1
98 976
138 332
302 281
389 74
913 74
549 279
57 983
444 856
467 541
336 402
215 722
377 924
546 479
535 597
67 24
499 697
183 658
64 356
319 985
583 414
517 6
719 717
114 357
546 994
795 85
458 684
650 945
206 615
296 15
114 71
25 844
187 903
796 167
802 681
532 990
741 62
621 860
650 589
391 343
897 42
803 149
541 999
622 932
523 394
129 971
507 480
720 109
108 284
126 76
656 893
374 217
57 701
714 722
189 719
624 823
872 482
70 159
858 261
748 646
570 27
417 286
620 607
384 801
22 937
815 495
395 524
505 6
224 732
289 269
235 536
137 983
795 441
673 961
749 623
545 487
149 221
991 123
57 285
350 158
133 347
190 140
550 610
974 523
54 665
278 296
97 794
518 851
442 873
394 382
357 755
585 821
441 587
623 125
25 757
862 382
198 364
11 748
251 830
740 922
721 232
709 362
920 81
478 350
573 941
568 767
711 40
615 99
447 614
778 486
856 61
285 318
21 840
337 492
300 705
31 950
576 216
114 334
697 649
654 428
501 446
788 29
147 869
423 530
834 109
32 684
328 831
46 922
26 845
391 582
129 244
738 23
687 517
711 762
475 292
931 980
119 799
11 792
792 629
348 84
142 1
551 637
496 932
207 308
376 242
561 445
900 473
606 798
677 574
803 219
183 397
872 170
34 983
233 803
553 334
350 748
871 266
840 541
598 505
5 963
4 865
135 321
117 327
841 784
145 609
211 218
942 501
583 695
41 379
66 702
252 411
225 848
9 83
481 524
989 744
274 266
264 95
518 873
836 231
54 401
182 226
383 730
599 457
923 595
43 393
109 926
860 793
442 880
242 447
371 548
554 894
486 4
869 94
628 927
811 851
675 968
458 837
535 344
978 597
139 608
423 106
50 516
798 943
184 536
61 963
473 672
582 739
472 926
67 431
274 153
398 869
384 125
549 471
755 334
449 484
130 197
803 443
147 113
504 279
63 625
513 673
869 521
747 368
379 828
849 472
46 625
88 523
542 443
41 351
513 395
22 958
605 798
523 346
849 954
846 373
466 812
239 216
887 115
612 520
306 526
781 576
198 307
952 89
285 39
42 522
788 780
973 712
191 62
275 652
731 508
897 489
228 919
412 574
706 362
692 201
898 288
766 918
929 167
16 76
252 217
787 212
825 588
