100 98
44 49
49 33
33 80
80 100
100 10
10 94
94 43
43 86
86 31
31 32
32 96
96 65
65 58
58 37
37 47
47 14
14 42
42 34
34 66
66 25
25 1
1 53
53 68
68 40
40 18
18 71
71 57
57 21
21 4
4 11
11 27
27 99
99 90
90 8
8 64
64 84
84 72
72 15
15 70
70 87
87 50
50 35
35 2
2 75
75 48
48 55
55 20
20 76
76 7
91 45
45 83
83 3
3 13
13 16
16 24
24 79
79 59
59 46
46 30
30 23
23 82
82 28
28 74
74 12
12 56
56 73
73 38
38 81
81 41
41 92
92 5
5 98
98 78
78 67
67 29
29 88
88 39
39 77
77 60
60 6
6 26
26 85
85 51
51 97
97 54
54 36
36 9
9 63
63 62
62 22
22 93
93 69
69 89
89 95
95 19
19 52
52 61
61 17
44 76
