600 598
389 196
196 498
498 293
293 100
100 521
521 443
443 181
181 295
295 284
284 402
402 391
391 334
334 444
444 464
464 47
47 588
588 453
453 333
333 480
480 565
565 116
116 194
194 488
488 229
229 390
390 128
128 57
57 409
409 243
243 472
472 256
256 99
99 288
288 564
564 387
387 348
348 512
512 124
124 481
481 342
342 552
552 360
360 363
363 75
75 405
405 573
573 445
445 76
76 312
312 408
408 190
190 559
559 545
545 13
13 253
253 24
24 436
436 428
428 496
496 182
182 23
23 82
82 266
266 234
234 515
515 179
179 307
307 38
38 142
142 410
410 272
272 280
280 153
153 335
335 158
158 237
237 411
411 283
283 77
77 470
470 6
6 26
26 290
290 51
51 97
97 139
139 245
245 152
152 523
523 62
62 130
130 93
93 69
69 434
434 303
303 572
572 220
220 61
61 585
585 322
322 574
574 146
146 92
92 31
31 275
275 185
185 162
162 217
217 469
469 593
593 393
393 493
493 548
548 441
441 468
468 65
65 338
338 213
213 448
448 538
538 497
497 394
394 594
594 437
437 138
138 320
320 475
475 203
203 579
579 368
368 4
4 238
238 418
418 171
171 395
395 107
107 507
507 54
54 101
101 577
577 420
420 215
215 343
343 357
357 149
149 88
88 450
450 305
305 336
336 483
483 570
570 533
533 166
166 331
331 73
73 180
180 67
67 131
131 43
43 531
531 452
452 519
519 163
163 170
170 137
137 543
543 148
148 344
344 315
315 259
259 421
421 32
32 178
178 21
21 550
550 504
504 244
244 56
56 562
562 456
456 425
425 201
201 19
19 72
72 309
309 596
596 513
513 568
568 91
91 277
277 223
223 584
584 53
53 169
169 106
106 361
361 118
118 188
188 94
94 591
591 403
403 241
241 114
114 327
327 535
535 461
461 40
40 372
372 297
297 44
44 392
392 109
109 426
426 122
122 16
16 133
133 291
291 239
239 232
232 183
183 235
235 151
151 276
276 544
544 406
406 381
381 451
451 208
208 599
599 269
269 52
52 569
569 447
447 123
123 517
517 197
197 485
485 231
231 415
415 271
271 478
478 132
132 168
168 36
36 598
598 83
83 81
81 431
431 371
371 486
486 345
345 233
233 339
339 74
74 296
296 1
1 301
301 379
379 199
199 560
560 49
49 117
117 262
262 227
227 575
575 576
576 549
549 511
511 471
471 71
71 590
590 499
499 353
353 264
264 164
164 184
184 10
10 18
18 388
388 143
143 484
484 587
587 210
210 87
87 554
554 95
95 397
397 582
582 532
532 407
407 377
377 367
367 422
422 362
362 254
254 536
536 198
198 250
250 248
85 505
505 111
111 165
165 580
580 121
121 156
156 96
96 2
2 462
462 459
459 298
298 527
527 192
192 161
161 230
230 385
385 506
506 352
352 22
22 508
508 267
267 442
442 321
321 86
86 294
294 202
202 236
236 240
240 304
304 551
551 365
365 567
567 113
113 112
112 495
495 455
455 522
522 526
526 308
308 11
11 374
374 289
289 330
330 150
150 172
172 110
110 252
252 219
219 561
561 174
174 175
175 329
329 27
27 147
147 438
438 46
46 316
316 492
492 311
311 446
446 325
325 429
429 396
396 68
68 400
400 346
346 216
216 58
58 547
547 502
502 39
39 494
494 540
540 225
225 369
369 302
302 356
356 60
60 177
177 463
463 534
534 430
430 136
136 300
300 460
460 592
592 5
5 529
529 279
279 218
218 265
265 261
261 211
211 260
260 17
17 310
310 467
467 205
205 465
465 119
119 378
378 350
350 176
176 571
571 224
224 414
414 45
45 566
566 41
41 270
270 80
80 487
487 542
542 337
337 247
247 556
556 366
366 370
370 539
539 242
242 209
209 583
583 541
541 30
30 413
413 126
126 120
120 186
186 48
48 282
282 108
108 263
263 328
328 7
7 79
79 373
373 482
482 42
42 404
404 474
474 145
145 555
555 214
214 20
20 195
195 454
454 449
449 212
212 28
28 530
530 380
380 204
204 255
255 525
525 281
281 90
90 157
157 520
520 553
553 581
581 140
140 59
59 37
37 141
141 479
479 15
15 578
578 595
595 115
115 489
489 537
537 268
268 135
135 386
386 432
432 417
417 318
318 103
103 359
359 70
70 173
173 8
8 509
509 9
9 66
66 274
274 503
503 586
586 313
313 306
306 251
251 347
347 257
257 187
187 419
419 160
160 501
501 382
382 510
510 528
528 401
401 332
332 285
285 287
287 412
412 398
398 98
98 376
376 249
249 144
144 154
154 473
473 50
50 440
440 589
589 273
273 258
258 314
314 35
35 278
278 435
435 63
63 127
127 500
500 354
354 191
191 246
246 222
222 416
416 29
29 206
206 324
324 89
89 102
102 105
105 341
341 558
558 557
557 491
491 129
129 600
600 228
228 424
424 3
3 299
299 323
323 134
134 364
364 12
12 207
207 514
514 375
375 597
597 200
200 351
351 317
317 476
476 167
167 78
78 358
358 125
125 423
423 226
226 563
563 319
319 349
349 155
155 159
159 546
546 189
189 490
490 466
466 292
292 477
477 457
457 439
439 458
458 524
524 55
55 383
383 34
34 193
193 25
25 384
384 399
399 326
326 14
14 64
64 104
104 84
84 516
516 518
518 427
427 433
433 221
221 340
340 33
33 355
355 286
389 250
