700 698
389 699
699 662
662 293
293 100
100 615
615 443
443 181
181 688
688 636
636 402
402 391
391 334
334 444
444 464
464 47
47 588
588 453
453 333
333 480
480 565
565 116
116 194
194 629
629 229
229 390
390 128
128 57
57 669
669 243
243 472
472 256
256 99
99 647
647 564
564 387
387 348
348 512
512 124
124 481
481 342
342 552
552 360
360 363
363 75
75 405
405 573
573 445
445 76
76 697
697 408
408 190
190 696
696 545
545 13
13 253
253 24
24 436
436 428
428 496
496 182
182 23
23 82
82 266
266 234
234 515
515 179
179 307
307 38
38 142
142 410
410 272
272 280
280 153
153 335
335 158
158 651
651 411
411 283
283 77
77 470
470 6
6 26
26 290
290 698
698 97
97 139
139 245
245 152
152 523
523 62
62 689
689 93
93 69
69 434
434 303
303 572
572 649
649 61
61 585
585 603
603 574
574 146
146 92
92 31
31 679
679 185
185 621
621 217
217 469
469 593
593 393
393 493
493 548
548 441
441 468
468 65
65 338
338 213
213 448
448 538
538 497
497 394
394 594
594 437
437 653
653 623
623 475
475 203
203 579
579 368
368 4
4 238
238 418
418 171
171 395
395 107
107 676
676 54
54 101
101 577
577 420
420 215
215 343
343 605
605 149
149 618
618 450
450 680
680 336
336 483
483 614
614 533
533 166
166 607
607 73
73 180
180 67
67 131
131 43
43 531
531 452
452 519
519 163
163 170
170 137
137 543
543 148
148 344
344 315
315 664
664 421
421 32
32 178
178 21
21 550
550 608
608 244
244 56
56 562
562 456
456 425
425 201
201 19
19 72
72 309
309 640
640 513
513 637
637 665
665 277
277 223
223 685
685 628
628 169
169 617
617 361
361 118
118 188
188 94
94 591
591 403
403 241
241 114
114 327
327 535
535 461
461 40
40 372
372 297
297 620
620 392
392 672
672 426
426 122
122 16
16 609
609 291
291 239
239 660
660 183
183 235
235 151
151 276
276 602
602 406
406 381
381 451
451 208
208 599
599 678
678 52
52 569
569 447
447 123
123 517
517 197
197 485
485 231
231 643
643 271
271 478
478 132
132 168
168 36
36 598
598 83
83 81
81 431
431 612
612 486
486 345
345 233
233 339
339 74
74 296
296 1
1 301
301 379
379 199
199 560
560 49
49 117
117 262
262 227
227 575
575 633
633 549
549 511
511 471
471 71
71 590
590 661
661 353
353 264
264 164
164 184
184 648
648 18
18 388
388 143
143 484
484 587
587 210
210 87
87 554
554 95
95 397
397 582
582 532
532 407
407 377
377 367
367 422
422 362
362 631
631 536
536 198
198 250
250 248
248 505
505 85
85 700
700 690
690 580
580 121
121 156
156 96
96 2
2 462
462 639
639 298
298 527
527 192
192 161
161 230
230 385
385 506
506 352
352 22
22 508
508 267
267 442
442 321
321 645
645 294
294 202
202 236
236 240
240 304
304 551
551 674
674 567
567 113
113 112
112 495
495 455
455 522
522 526
526 627
627 11
11 374
374 289
289 330
330 150
150 172
172 110
110 252
252 219
219 561
175 174
174 329
329 613
613 147
147 438
438 46
46 316
316 492
492 624
624 446
446 325
325 429
429 687
687 68
68 400
400 346
346 216
216 58
58 547
547 686
686 39
39 494
494 601
601 225
225 369
369 302
302 356
356 694
694 177
177 463
463 534
534 430
430 136
136 300
300 460
460 693
693 5
5 529
529 279
279 218
218 265
265 261
261 211
211 260
260 17
17 635
635 682
682 205
205 465
465 119
119 611
611 350
350 671
671 571
571 224
224 414
414 619
619 566
566 41
41 270
270 80
80 487
487 542
542 337
337 247
247 556
556 366
366 370
370 539
539 242
242 670
670 583
583 541
541 30
30 673
673 126
126 120
120 186
186 657
657 282
282 108
108 263
263 642
642 616
616 681
681 373
373 482
482 42
42 404
404 474
474 655
655 555
555 684
684 20
20 195
195 454
454 449
449 212
212 28
28 530
530 380
380 204
204 692
692 525
525 281
281 90
90 157
157 520
520 553
553 581
581 140
140 59
59 646
646 691
691 668
668 15
15 578
578 595
595 115
115 489
489 537
537 268
268 135
135 652
652 432
432 417
417 318
318 103
103 359
359 70
70 173
173 8
8 622
622 9
9 66
66 274
274 503
503 586
586 313
313 306
306 666
666 347
347 257
257 187
187 419
419 160
160 675
675 382
382 510
510 528
528 401
401 332
332 285
285 287
287 412
412 398
398 625
625 376
376 249
249 144
144 154
154 473
473 610
610 440
440 589
589 273
273 258
258 314
314 35
35 278
278 667
667 63
63 127
127 677
677 634
634 604
604 246
246 626
626 416
416 29
29 206
206 324
324 89
89 102
102 105
105 341
341 558
558 557
557 491
491 129
129 600
600 228
228 424
424 3
3 299
299 323
323 695
695 364
364 12
12 207
207 632
632 375
375 606
606 200
200 351
351 317
317 476
476 167
167 78
78 358
358 125
125 423
423 226
226 563
563 319
319 349
349 155
155 159
159 546
546 189
189 490
490 466
466 292
292 477
477 457
457 439
439 638
638 524
524 55
55 383
383 34
34 193
193 25
25 384
384 399
399 326
326 654
654 663
663 104
104 84
84 516
516 518
518 427
427 433
433 221
221 340
340 33
33 355
355 286
286 540
540 683
683 322
322 191
191 357
357 597
597 659
659 504
504 133
133 644
644 378
378 371
371 27
27 570
570 521
521 656
656 658
658 88
88 45
45 44
44 162
162 509
509 320
320 311
311 98
98 222
222 308
308 53
53 488
488 413
413 254
254 514
514 576
576 354
354 310
310 284
284 568
568 458
458 459
459 596
596 64
64 328
328 415
415 50
50 86
86 37
37 288
288 10
10 220
220 7
7 237
237 386
386 138
138 14
14 145
145 650
650 48
48 106
106 331
331 232
232 499
499 498
498 641
641 259
259 91
91 251
251 435
435 479
479 409
409 209
209 176
176 109
109 630
630 365
365 501
501 507
507 500
500 269
269 275
275 305
305 79
79 467
467 544
544 214
214 584
584 502
502 396
396 295
295 130
130 165
165 141
141 255
255 592
592 60
60 134
134 559
559 312
312 51
51 196
196 111
389 111
