900 898
389 699
699 662
662 293
293 100
100 615
615 443
443 181
181 688
688 636
636 402
402 391
391 334
334 444
444 464
464 47
47 588
588 453
453 821
821 868
868 565
565 116
116 194
194 629
629 229
229 390
390 803
803 57
57 669
669 243
243 472
472 256
256 99
99 647
647 564
564 387
387 348
348 512
512 124
124 481
481 749
749 894
894 838
838 363
363 895
895 729
729 573
573 445
445 741
741 697
697 408
408 190
190 696
696 545
545 13
13 253
253 24
24 436
436 428
428 496
496 182
182 23
23 82
82 713
713 234
234 515
515 179
179 307
307 871
871 142
142 811
811 272
272 280
280 866
866 335
335 158
158 651
651 411
411 283
283 77
77 470
470 6
6 26
26 836
836 698
698 97
97 139
139 245
245 152
152 757
757 62
62 689
689 880
880 69
69 434
434 303
303 572
572 649
649 61
61 707
707 603
603 574
574 146
146 92
92 31
31 865
865 185
185 621
621 217
217 469
469 861
861 393
393 493
493 548
548 441
441 468
468 65
65 338
338 213
213 747
747 538
538 497
497 394
394 886
886 437
437 653
653 623
623 475
475 203
203 579
579 368
368 4
4 778
778 725
725 171
171 395
395 107
107 714
714 791
791 737
737 889
889 796
796 215
215 343
343 876
876 149
149 753
753 891
891 680
680 336
336 483
483 733
733 533
533 777
777 607
607 703
703 180
180 67
67 131
131 43
43 531
531 452
452 519
519 163
163 170
170 137
137 543
543 148
148 816
816 315
315 664
664 421
421 32
32 178
178 21
21 550
550 608
608 244
244 56
56 562
562 456
456 425
425 201
201 19
19 72
72 309
309 760
760 513
513 637
637 665
665 277
277 841
841 685
685 628
628 169
169 617
617 888
888 118
118 844
844 94
94 785
785 403
403 241
241 114
114 327
327 846
846 461
461 40
40 372
372 297
297 620
620 822
822 672
672 426
426 122
122 16
16 609
609 291
291 239
239 660
660 720
720 701
701 151
151 276
276 602
602 406
406 738
738 451
451 208
208 599
599 678
678 52
52 569
569 447
447 123
123 517
517 197
197 887
887 813
813 875
875 271
271 478
478 132
132 705
705 36
36 881
881 83
83 727
727 431
431 612
612 486
486 345
345 233
233 339
339 74
74 296
296 1
1 897
897 779
779 199
199 560
560 831
831 117
117 262
262 227
227 575
575 873
873 549
549 511
511 471
471 71
71 590
590 661
661 353
353 264
264 164
164 824
824 648
648 18
18 892
892 143
143 484
484 717
717 210
210 87
87 554
554 878
878 397
397 582
582 532
532 765
765 724
724 367
367 422
422 362
362 631
631 536
536 198
198 250
250 248
248 784
784 85
85 700
700 690
690 883
883 121
121 864
864 709
709 726
726 462
462 639
639 298
298 527
527 192
192 161
161 230
230 385
385 506
506 352
352 22
22 508
508 267
267 773
773 321
321 827
827 294
294 202
202 236
236 240
240 304
304 551
551 674
674 780
780 113
113 826
826 772
772 455
455 708
708 526
526 627
627 11
11 374
374 289
289 330
330 867
867 172
172 110
110 252
252 219
219 807
807 840
840 874
874 782
782 613
613 715
715 438
438 786
786 739
739 492
492 624
624 446
446 325
325 429
429 687
687 68
68 400
400 818
818 216
216 735
735 547
547 686
686 39
39 746
746 601
601 225
225 369
369 302
302 356
356 694
694 177
177 463
463 534
534 430
430 136
136 300
300 460
460 839
839 860
860 529
529 850
850 218
218 265
265 261
261 211
211 260
260 17
17 635
635 682
682 205
205 465
465 751
751 847
847 350
350 671
671 571
571 224
224 414
414 832
832 566
566 41
41 721
721 80
80 804
804 830
830 337
337 247
247 808
808 366
366 370
370 539
539 242
242 670
670 742
742 541
541 30
30 673
673 126
126 120
120 710
710 657
657 774
774 783
783 718
718 770
770 616
616 681
681 373
373 482
482 42
42 792
792 740
740 655
655 555
555 684
684 20
20 195
195 454
454 449
449 212
212 28
380 530
530 204
204 781
781 790
790 281
281 759
759 869
869 520
520 553
553 581
581 806
806 59
59 646
646 691
691 668
668 15
15 896
896 776
776 115
115 763
763 537
537 268
268 135
135 652
652 432
432 872
872 318
318 103
103 359
359 70
70 743
743 8
8 622
622 9
9 66
66 274
274 503
503 586
586 313
313 306
306 666
666 347
347 257
257 890
890 419
419 160
160 675
675 382
382 510
510 711
711 401
401 332
332 285
285 787
787 750
750 398
398 625
625 376
376 249
249 144
144 814
814 473
473 610
610 736
736 589
589 273
273 258
258 314
314 35
35 278
278 730
730 63
63 127
127 677
677 634
634 604
604 246
246 626
626 416
416 704
704 206
206 324
324 89
89 102
102 815
815 341
341 558
558 557
557 491
491 856
856 600
600 797
797 424
424 3
3 842
842 323
323 695
695 364
364 12
12 207
207 632
632 375
375 606
606 200
200 351
351 317
317 884
884 167
167 829
829 358
358 879
879 423
423 226
226 563
563 319
319 349
349 155
155 159
159 795
795 189
189 490
490 466
466 292
292 898
898 457
457 439
439 638
638 524
524 55
55 383
383 34
34 193
193 25
25 384
384 399
399 789
789 654
654 663
663 859
859 84
84 516
516 518
518 427
427 433
433 221
221 755
755 33
33 355
355 788
788 540
540 683
683 322
322 191
191 357
357 597
597 659
659 853
853 848
848 644
644 378
378 857
857 27
27 570
570 521
521 656
656 658
658 88
88 810
810 44
44 162
162 509
509 320
320 843
843 754
754 222
222 308
308 858
858 488
488 413
413 254
254 851
851 576
576 354
354 775
775 284
284 568
568 801
801 819
819 596
596 800
800 744
744 415
415 50
50 86
86 37
37 288
288 877
877 220
220 7
7 237
237 752
752 748
748 14
14 145
145 650
650 48
48 106
106 331
331 232
232 499
499 498
498 641
641 259
259 91
91 251
251 435
435 479
479 409
409 209
209 176
176 109
109 630
630 365
365 501
501 507
507 500
500 702
702 275
275 305
305 79
79 467
467 544
544 214
214 794
794 863
863 396
396 295
295 130
130 165
165 141
141 255
255 592
592 60
60 134
134 559
559 312
312 51
51 828
828 111
111 235
235 269
269 73
73 29
29 719
719 477
477 585
585 870
870 96
96 186
186 528
528 360
360 266
266 676
676 147
147 899
899 587
587 263
263 731
731 183
183 270
270 643
643 799
799 377
377 418
418 2
2 81
81 5
5 405
405 667
667 168
168 771
771 614
614 578
578 58
58 440
440 101
101 769
769 882
882 837
837 76
76 893
893 173
173 328
328 546
546 494
494 885
885 138
138 342
342 412
412 119
119 862
862 618
618 98
98 340
340 448
448 523
523 238
238 90
90 640
640 140
140 128
128 489
489 279
279 407
407 552
552 404
404 642
642 381
381 805
805 845
845 495
495 442
442 834
834 310
310 833
833 166
166 758
758 379
379 567
567 900
900 329
329 108
108 505
505 591
591 46
46 716
716 286
286 855
855 525
525 54
54 825
825 361
361 584
584 852
852 420
420 228
228 474
474 542
542 64
64 458
458 762
762 802
802 487
487 768
768 761
761 561
561 556
556 187
187 45
45 410
410 299
299 231
231 154
154 854
854 344
344 723
723 820
820 459
459 346
346 333
333 392
392 150
150 184
184 835
835 112
112 645
645 196
196 78
78 817
817 49
49 619
619 595
595 282
282 767
767 290
290 798
798 712
712 693
693 174
174 223
223 812
812 311
311 188
188 809
809 535
535 611
611 133
133 598
598 764
764 514
514 745
745 504
504 105
105 326
326 129
129 371
371 53
53 104
104 728
728 593
593 386
386 502
502 156
156 679
679 153
153 823
823 480
480 157
157 522
522 38
38 417
417 633
633 175
175 722
722 605
605 10
10 95
95 125
125 93
93 849
849 316
316 580
580 476
476 756
756 594
594 485
485 793
793 577
577 732
732 450
450 388
388 583
583 766
766 75
75 734
734 301
301 706
706 287
287 692
389 692
