100 300
44 49
80 33
10 100
100 94
10 43
31 86
96 32
58 65
37 100
14 47
34 42
25 66
53 1
40 68
53 68
71 18
57 14
4 21
27 11
53 80
90 99
57 53
64 8
96 84
37 72
15 11
15 70
57 87
50 80
11 35
96 2
48 75
4 55
76 20
7 11
45 87
83 91
50 3
16 13
55 13
24 3
66 79
18 87
46 59
30 94
23 79
82 47
28 80
15 4
65 59
74 11
21 94
12 7
27 70
72 1
96 79
56 3
20 8
73 94
31 14
73 7
80 38
41 81
4 92
66 5
44 41
10 18
18 47
98 14
58 41
74 80
78 76
40 79
2 94
79 34
40 70
28 70
72 21
12 1
15 56
84 100
67 79
64 29
24 5
88 33
57 10
44 90
24 2
39 92
53 27
68 77
88 60
82 75
15 68
31 72
4 42
79 70
6 58
10 21
26 88
12 29
71 23
15 58
4 11
56 85
51 43
74 5
24 45
49 5
87 55
32 38
97 20
99 34
36 54
90 67
84 9
82 60
41 43
45 47
14 9
82 85
50 29
63 92
1 34
1 33
80 43
68 9
64 68
39 32
97 62
15 98
84 81
18 68
63 94
88 18
56 22
44 18
26 4
18 4
86 2
30 33
38 8
66 65
58 43
93 45
41 60
33 20
51 55
72 27
90 74
18 8
12 67
38 94
69 21
3 14
25 7
64 66
7 30
10 97
11 42
21 43
74 14
74 94
82 69
69 70
54 59
14 65
97 43
30 43
82 32
16 20
93 32
78 100
84 53
78 40
91 29
84 43
74 59
16 76
74 38
51 92
31 58
22 47
89 18
71 1
22 42
76 46
23 76
26 6
20 59
49 41
3 97
10 94
86 95
58 38
45 46
84 68
53 34
5 81
64 99
96 58
51 11
78 20
63 81
7 77
83 51
19 68
36 85
86 55
36 32
69 72
30 55
69 47
74 75
55 62
98 34
84 8
46 9
11 62
87 46
23 43
26 80
91 20
78 63
43 94
46 55
31 20
82 8
3 51
24 35
49 86
66 37
51 9
24 29
79 13
39 75
54 41
27 38
73 45
89 43
24 72
25 85
3 77
29 65
63 68
80 27
55 59
69 58
52 23
10 14
28 50
78 51
58 67
57 80
28 97
14 41
49 93
32 21
100 41
80 9
2 1
61 27
88 4
29 27
84 72
52 26
57 88
31 84
28 42
72 74
76 42
6 33
83 89
61 51
44 1
83 72
6 27
67 9
93 85
98 27
28 30
52 56
44 79
64 24
84 19
66 13
46 68
40 95
28 94
68 43
12 48
50 43
36 70
53 19
100 34
8 13
97 13
26 29
22 2
82 20
8 80
