100 300
44 49
80 33
10 100
43 94
31 86
96 32
58 65
47 37
44 43
42 14
66 34
1 25
68 53
18 40
71 94
21 57
18 4
47 11
99 27
8 90
84 64
15 72
87 70
15 50
35 66
57 2
4 75
55 48
76 20
7 25
45 43
91 58
86 34
3 83
44 32
18 13
2 40
100 16
4 2
64 13
15 48
79 24
11 59
18 46
23 30
23 79
44 82
32 28
12 74
56 71
73 43
48 38
81 20
50 41
92 87
5 75
41 75
99 90
98 86
91 74
5 24
2 66
41 74
67 78
84 23
72 43
68 29
39 88
77 82
56 77
56 8
60 94
92 6
35 77
100 20
58 46
26 48
15 85
42 51
60 27
29 77
97 16
21 10
70 75
47 12
55 56
76 42
54 7
67 86
30 14
9 36
91 37
64 90
58 8
80 90
58 32
21 98
91 5
45 63
23 62
53 37
100 54
50 59
81 50
78 66
78 71
84 51
49 14
55 13
44 4
92 80
35 22
26 6
59 82
60 82
5 93
18 76
47 69
22 45
83 33
84 34
21 35
13 24
1 91
26 8
47 91
58 82
45 100
97 31
84 56
89 85
26 82
35 24
91 86
38 90
50 35
77 46
69 66
55 18
37 28
15 27
68 57
4 25
5 94
81 38
23 89
58 33
53 9
44 77
96 2
2 88
12 31
80 13
45 2
12 98
12 76
2 94
44 7
13 85
24 42
57 63
99 87
93 9
29 87
35 6
35 48
26 78
53 74
22 36
55 27
62 80
12 14
77 98
23 72
44 20
60 11
60 99
62 81
60 96
26 70
53 35
24 14
99 95
10 36
25 36
6 48
84 97
21 99
77 51
32 39
5 2
68 42
77 4
62 53
58 85
99 49
23 88
22 19
92 89
26 62
26 36
64 54
11 55
77 37
80 82
84 27
53 54
20 28
26 89
24 66
50 37
47 45
64 35
89 63
80 27
11 66
12 96
52 29
8 16
46 42
97 71
72 27
65 24
68 34
91 10
1 24
26 49
5 42
68 64
87 38
62 100
74 82
41 24
93 79
59 61
52 14
26 76
100 79
81 76
66 30
55 83
91 63
81 27
6 19
80 34
29 19
75 39
78 49
67 2
53 39
92 9
67 42
92 44
45 74
74 33
91 16
68 77
32 63
50 27
35 79
73 77
57 20
73 78
49 36
89 20
25 88
47 46
4 87
56 7
4 28
97 22
68 85
34 14
65 100
6 16
77 17
100 94
13 82
19 86
1 5
67 34
6 96
21 85
59 75
47 96
70 9
2 37
35 32
55 45
100 74
1 38
92 66
1 8
96 41
68 74
49 85
64 20
24 38
10 80
8 88
17 5
