100 300
44 49
80 33
10 100
94 100
86 43
32 31
65 96
37 58
14 47
34 42
25 66
53 1
68 31
43 40
71 18
57 42
44 66
40 42
21 33
11 4
99 27
44 90
8 66
64 34
96 84
71 31
15 72
70 53
4 87
35 50
87 2
27 75
80 48
75 8
70 55
90 47
76 20
10 7
33 57
45 49
80 37
83 91
13 3
90 16
79 24
46 59
21 30
82 23
53 28
71 20
86 72
64 27
12 74
73 56
34 87
53 91
64 38
41 81
44 92
83 21
55 5
35 23
32 37
98 76
91 78
67 56
65 40
65 29
82 88
98 90
39 47
25 42
83 2
31 100
76 77
53 84
71 60
88 94
81 43
13 6
87 3
10 26
43 56
27 14
86 85
79 80
53 90
38 85
25 24
1 100
70 51
4 97
27 84
58 84
23 54
56 36
80 9
90 85
51 20
80 63
91 36
53 59
31 3
81 72
13 29
21 91
62 78
22 7
86 93
10 69
41 60
63 77
83 15
50 48
4 96
34 25
7 36
38 23
83 93
89 100
45 97
73 67
39 10
62 37
30 51
79 93
15 95
73 90
32 40
19 47
89 88
31 99
58 49
79 63
13 73
32 26
81 90
39 4
81 91
86 73
21 24
66 14
22 52
82 16
79 21
98 59
25 37
99 48
65 12
93 48
69 48
45 14
62 10
2 61
98 99
45 92
10 67
82 95
21 66
37 59
62 47
13 17
76 90
21 71
12 54
17 67
3 97
58 92
74 66
35 7
61 48
73 97
64 54
71 25
13 15
60 72
65 97
69 90
87 85
7 23
15 50
10 61
49 92
17 48
80 19
1 42
41 10
2 48
98 51
79 77
57 93
86 67
55 44
37 42
37 93
87 25
13 12
8 42
86 74
62 16
68 24
86 52
61 42
41 94
50 59
25 93
28 59
62 24
89 69
33 23
7 94
8 3
17 80
58 96
37 94
71 97
79 44
89 33
41 70
2 90
13 1
53 48
65 23
63 97
13 9
46 77
44 57
45 95
43 36
9 54
45 1
81 94
18 7
22 46
18 28
44 37
28 6
87 93
62 1
65 89
69 77
96 24
70 59
45 35
11 88
35 66
45 43
70 100
44 65
46 54
23 92
81 24
44 9
86 61
65 49
11 96
17 73
34 37
31 12
52 92
30 94
70 36
76 9
90 42
49 100
15 77
28 51
85 94
97 42
81 40
43 1
55 64
33 97
98 83
47 24
86 20
59 91
32 33
38 87
61 54
68 60
80 5
32 27
30 60
31 56
49 5
81 19
32 57
90 20
93 16
41 38
28 69
52 51
60 57
85 100
41 50
88 78
22 8
22 84
6 97
32 22
