100 300
44 49
80 33
10 100
43 94
31 86
96 32
65 94
37 58
14 47
34 42
86 66
1 25
44 53
40 68
94 86
34 18
71 94
21 57
4 40
27 11
90 99
37 8
34 64
34 84
15 72
87 70
34 50
2 35
75 21
87 48
20 55
7 76
34 45
1 94
91 20
83 66
90 3
16 13
79 24
46 59
25 30
37 21
82 23
34 28
46 68
74 86
86 57
12 84
49 100
53 56
7 58
73 33
71 38
7 81
53 41
5 92
98 100
14 4
46 78
66 24
67 68
29 20
88 96
2 78
39 78
40 30
77 32
71 45
87 35
5 43
37 94
14 32
90 60
76 55
55 24
67 35
18 70
6 24
72 26
75 85
51 57
41 79
10 97
15 46
54 85
36 88
97 68
7 8
9 94
78 79
92 84
74 39
71 29
63 4
77 56
62 57
34 55
48 3
27 41
70 22
4 97
53 73
78 40
87 11
38 35
93 8
37 51
31 69
98 76
72 47
72 59
75 87
59 4
6 18
89 42
46 13
54 98
53 60
100 69
58 84
37 70
44 95
63 59
71 19
46 58
80 20
20 45
90 20
11 79
90 81
64 3
91 94
58 38
74 100
72 52
46 96
16 92
42 4
19 87
70 86
81 79
20 48
90 84
71 24
36 82
32 55
9 24
67 87
71 37
80 85
12 81
36 62
95 40
76 69
58 87
64 83
61 57
37 49
98 79
37 82
1 77
88 49
85 35
9 64
38 19
5 38
8 13
25 38
54 80
21 51
29 88
11 8
89 68
52 98
62 11
27 72
2 59
90 55
99 83
60 55
7 50
9 14
6 27
37 64
46 67
73 91
71 3
58 28
74 34
12 58
73 28
26 49
37 23
54 56
21 31
29 91
99 48
6 16
20 22
64 13
73 48
73 22
50 61
36 33
87 31
52 67
19 93
14 85
49 95
34 3
30 68
30 48
90 85
14 28
29 25
77 17
71 61
91 69
75 93
17 8
26 66
12 62
38 78
67 56
13 45
41 100
92 95
66 68
71 20
38 87
51 76
25 23
16 81
29 43
95 50
26 70
47 22
87 55
58 81
89 77
47 45
46 72
84 94
81 45
49 91
34 51
82 86
39 30
11 61
14 83
44 94
38 82
64 21
98 97
6 48
38 98
44 98
88 66
98 41
8 24
89 88
96 40
12 69
41 94
22 94
9 95
11 3
84 70
92 99
59 3
65 32
26 64
11 50
49 48
46 26
15 35
62 69
63 81
75 96
65 56
75 39
38 45
21 28
4 22
41 13
90 76
15 84
23 61
74 85
92 30
91 84
10 35
78 35
81 55
64 99
62 18
23 69
80 11
47 66
83 69
7 8
