100 300
44 49
80 33
10 100
43 94
31 86
96 32
58 65
47 37
42 14
66 34
37 25
53 1
43 44
40 68
71 18
57 1
4 21
25 11
99 27
8 90
86 64
72 84
70 15
50 87
35 57
2 33
87 75
48 10
55 99
25 20
65 27
76 27
7 15
91 45
83 90
33 55
13 3
21 32
80 1
84 16
79 24
18 59
30 46
82 23
8 28
96 74
12 34
80 56
35 28
66 55
73 23
81 38
41 45
91 92
47 92
49 86
30 5
98 71
30 78
86 27
41 65
12 67
33 34
29 92
88 99
53 39
45 14
31 59
82 72
77 56
31 60
100 6
7 94
28 55
81 1
26 45
77 39
81 96
57 90
94 6
85 55
80 57
20 34
35 49
5 75
51 85
24 90
81 97
54 14
36 100
4 27
35 34
48 23
47 1
57 20
85 9
47 34
81 10
41 1
40 85
46 27
63 73
42 62
9 90
73 88
66 45
70 68
41 44
96 55
94 60
80 45
36 16
22 56
40 7
5 66
36 8
47 90
12 70
63 71
37 90
80 8
4 68
51 87
5 93
69 92
29 54
2 92
15 14
91 93
77 89
44 13
95 67
58 60
26 25
76 97
59 68
35 5
52 19
50 19
71 59
83 1
74 7
21 87
19 75
3 9
80 69
48 12
98 13
39 16
80 31
39 93
41 37
23 99
5 20
61 16
58 88
35 59
93 6
85 94
82 15
80 67
21 39
47 71
53 94
79 9
63 4
81 78
6 34
71 95
71 56
30 2
4 50
28 16
30 89
40 54
5 11
50 14
57 84
96 10
50 94
17 6
83 53
30 53
7 6
10 56
9 99
23 94
29 72
53 66
44 99
21 67
39 90
70 27
20 68
26 62
98 24
40 90
71 8
7 64
73 75
37 1
19 90
96 28
54 32
14 16
73 87
58 91
36 46
63 3
76 60
74 92
32 67
99 16
37 11
17 65
53 7
40 64
71 64
96 23
47 82
42 16
19 14
88 1
26 74
81 28
4 97
13 78
50 74
79 45
30 62
51 45
78 56
42 35
82 78
85 93
21 96
47 13
86 95
95 32
81 51
83 33
4 35
40 94
53 26
16 1
95 88
100 59
47 3
3 72
33 68
46 51
37 72
58 15
33 39
44 40
43 5
77 87
79 49
65 20
4 20
13 54
83 34
63 49
86 92
52 51
42 21
81 45
53 64
94 87
7 67
36 66
37 70
58 9
57 10
68 75
37 8
81 9
30 91
58 51
47 78
50 15
39 85
43 32
17 34
24 6
23 9
17 11
49 17
8 18
58 10
62 72
24 3
99 68
42 100
96 91
17 72
77 11
96 68
23 70
71 65
81 51
