1000 10000
911 699
293 662
615 100
181 443
636 688
391 402
444 334
47 464
453 588
868 821
116 565
629 194
390 229
57 803
243 952
256 472
647 980
387 564
512 348
481 124
894 749
363 838
729 895
445 573
697 741
190 408
453 696
13 545
253 13
436 24
496 428
23 907
713 82
515 234
307 179
142 871
272 811
866 280
158 909
651 229
283 411
77 444
6 470
836 26
97 991
245 139
757 152
689 62
69 880
434 470
572 303
243 930
453 836
707 61
574 603
990 146
865 31
902 185
469 217
445 861
906 393
441 548
65 468
213 338
538 747
394 497
481 952
437 886
623 653
203 475
368 579
4 272
116 778
725 61
395 976
940 579
714 395
737 791
796 973
69 215
876 343
149 31
891 753
651 100
336 680
733 483
777 533
703 607
707 636
67 180
43 131
452 531
163 519
436 741
137 170
475 543
148 194
816 991
905 315
441 421
178 966
21 31
608 550
56 244
456 562
201 425
72 19
760 309
637 513
277 665
685 841
169 628
203 628
888 617
844 938
909 94
785 468
444 403
114 241
651 327
142 760
461 846
67 40
297 372
822 620
672 662
122 426
16 363
291 609
660 239
701 720
623 791
276 151
327 602
949 406
208 451
678 599
52 137
447 569
517 123
887 954
4 813
437 185
875 617
478 271
705 132
881 36
665 83
538 996
19 431
486 984
233 345
871 421
74 339
749 296
897 1
897 779
636 199
927 560
117 158
227 262
873 575
486 24
549 158
876 511
471 909
590 71
353 661
164 264
824 185
648 608
892 18
484 143
210 717
554 87
243 878
582 397
765 532
950 724
362 422
631 811
363 339
464 315
198 536
248 250
441 784
700 85
538 690
883 199
864 121
478 709
77 726
639 462
298 391
757 548
527 336
210 192
999 161
550 513
998 913
352 513
22 1
267 508
637 773
588 19
827 321
117 995
236 202
304 240
757 408
551 152
780 674
113 213
965 724
455 772
526 708
11 627
289 374
330 472
172 867
198 303
538 110
252 83
807 219
840 609
725 700
874 397
158 143
613 782
438 715
739 786
624 492
325 446
926 234
687 866
726 68
400 241
613 818
735 216
686 903
746 39
225 601
100 338
302 369
694 356
911 177
883 293
534 946
137 430
374 452
136 717
300 72
839 460
909 61
822 461
529 860
362 733
850 513
840 218
261 265
267 772
260 211
39 291
635 912
205 682
751 465
660 847
671 350
678 571
121 930
414 964
566 832
721 41
804 80
830 6
917 337
366 808
741 370
539 406
181 242
653 670
136 742
30 541
462 673
120 126
496 847
657 710
783 774
770 718
918 170
475 681
373 336
362 482
792 42
740 194
68 655
997 715
20 684
454 195
449 541
337 933
980 28
149 530
113 380
636 408
68 204
725 781
710 790
759 281
520 869
434 553
74 581
778 31
59 919
539 465
874 782
336 646
161 691
668 779
896 963
387 674
776 116
115 350
478 100
763 741
268 537
608 36
65 135
956 581
432 708
213 289
872 784
56 431
103 318
694 984
374 41
359 42
739 241
70 462
840 726
368 743
8 876
21 622
9 902
274 66
586 503
306 313
985 218
661 718
347 253
23 553
85 537
451 257
419 890
861 890
160 115
675 468
318 337
746 382
711 510
464 874
332 401
787 285
438 750
398 185
451 71
625 52
939 699
749 617
512 681
508 334
121 202
672 607
144 249
932 814
610 151
736 550
939 675
589 608
918 313
531 513
82 350
258 273
890 897
998 314
803 729
398 35
730 278
639 180
822 63
677 127
604 634
451 246
626 313
704 941
930 206
997 887
704 818
345 510
478 324
102 955
815 486
341 152
916 558
627 127
856 491
797 600
116 451
424 211
215 3
842 949
353 323
364 695
12 513
632 207
375 425
749 533
627 606
200 218
213 785
351 776
927 317
884 609
120 178
362 137
961 167
164 358
206 879
785 423
226 446
20 563
250 319
349 484
155 207
746 159
651 795
490 969
180 470
466 359
11 136
349 936
457 977
439 18
11 314
524 638
648 55
537 383
34 718
193 841
690 25
384 225
170 80
721 402
285 402
399 210
741 789
253 532
647 460
654 662
960 663
84 541
518 516
56 782
427 976
424 63
869 742
221 433
755 439
355 33
221 779
788 324
402 242
872 991
997 285
697 540
683 860
937 673
827 191
626 357
68 638
659 597
897 553
651 853
848 366
285 644
976 378
857 199
682 709
570 27
521 637
875 21
892 475
658 656
492 195
469 375
52 20
896 694
88 472
810 790
44 24
875 40
857 208
137 338
939 364
998 623
586 34
921 162
955 919
12 218
297 320
843 161
144 818
754 782
222 782
968 665
426 897
608 867
858 638
434 488
413 954
851 254
298 84
629 356
11 152
354 576
775 359
289 565
942 636
568 705
873 234
181 143
801 956
300 576
818 819
20 139
968 596
813 800
137 521
123 744
468 415
515 443
757 569
961 50
929 86
904 513
220 877
581 7
237 680
752 770
14 748
145 265
234 754
792 650
733 249
707 253
20 48
277 690
746 982
148 946
818 331
232 609
498 499
164 785
259 641
842 31
252 27
917 91
251 441
479 435
880 938
409 48
558 123
241 41
962 208
115 482
414 856
67 718
468 291
109 176
630 858
365 800
365 240
507 501
137 993
787 217
702 215
275 50
132 655
70 499
878 305
597 960
79 475
193 517
636 958
259 808
394 544
992 797
11 906
283 600
778 540
84 779
409 244
382 938
863 794
620 396
678 295
233 130
625 847
221 151
165 33
41 656
83 19
289 815
399 996
181 132
924 141
527 406
592 647
134 60
559 297
51 312
449 178
671 33
586 600
828 622
111 61
243 572
235 160
269 816
73 874
29 846
759 763
935 719
585 176
625 461
562 870
186 96
528 964
360 317
939 193
735 232
266 470
972 996
347 696
507 634
109 147
610 658
713 235
588 778
899 870
181 952
349 235
587 399
263 695
84 607
731 995
976 183
634 969
953 1
944 172
123 963
843 799
765 61
59 377
194 653
274 418
81 2
402 606
781 568
914 553
747 962
731 405
667 152
77 168
771 285
568 291
124 548
280 807
468 413
914 614
298 752
134 532
578 774
58 773
929 850
787 6
317 94
87 179
332 496
510 440
115 101
163 769
882 383
34 319
673 579
114 837
769 646
657 888
837 76
173 893
427 328
58 96
902 546
494 663
776 885
339 138
513 383
601 342
412 909
456 119
888 870
995 177
544 874
965 862
701 24
432 8
847 788
325 735
433 978
340 98
448 424
238 523
623 519
997 90
895 540
940 548
140 931
163 136
128 486
866 592
369 72
279 489
407 48
404 552
65 259
596 454
899 642
164 283
381 2
703 794
22 828
381 119
626 811
904 507
298 222
560 805
234 807
52 650
268 845
972 43
384 413
495 162
496 610
296 681
624 626
711 278
865 442
81 899
267 48
668 97
736 428
816 811
696 630
888 438
52 86
56 208
910 628
310 327
217 276
235 481
639 833
569 266
399 80
439 934
758 772
937 379
624 114
271 909
412 323
586 441
697 978
205 249
213 567
8 900
552 906
613 329
202 501
108 220
922 195
937 991
895 794
702 398
822 61
591 982
283 370
241 102
46 430
604 748
329 954
716 272
123 91
683 790
286 3
395 268
687 68
466 855
570 163
66 383
965 602
769 603
144 791
804 85
532 914
525 495
885 421
858 982
985 54
635 825
891 372
608 957
27 708
927 584
852 565
312 584
592 660
904 420
228 399
864 553
464 726
474 169
975 253
203 667
283 98
265 638
691 576
64 653
268 379
474 528
73 321
742 305
113 856
830 227
318 530
155 575
747 458
56 481
762 537
960 91
771 714
672 152
733 330
142 411
483 420
678 399
914 709
274 802
296 546
379 486
875 349
487 985
697 398
761 1000
586 561
234 846
683 7
98 556
868 202
134 571
187 152
753 100
444 45
260 18
331 396
22 410
237 876
81 299
483 19
281 206
231 772
203 137
908 672
58 854
344 954
11 923
820 421
752 792
459 512
651 88
333 346
663 342
769 3
822 392
16 841
213 346
6 431
394 150
943 590
884 447
90 933
60 835
112 260
759 278
645 954
861 909
645 256
769 703
495 647
78 196
178 51
617 563
880 220
331 317
259 510
49 817
853 619
434 595
716 354
246 877
703 282
120 767
884 275
798 290
445 712
693 601
487 689
740 461
888 69
798 534
55 174
412 393
917 681
927 103
331 378
205 626
597 55
437 912
74 258
285 458
138 290
798 244
534 223
243 628
196 812
427 143
311 315
52 327
191 610
719 501
347 236
188 338
98 83
798 820
993 819
143 603
535 970
714 654
755 582
611 663
981 948
253 628
397 312
411 309
917 229
735 824
404 474
861 489
687 876
526 211
777 637
159 258
807 663
201 412
514 764
394 745
3 278
924 771
253 235
113 569
958 440
759 254
250 634
861 504
326 105
311 76
953 704
129 305
906 930
241 63
437 291
752 43
660 371
719 461
622 458
208 102
801 963
573 553
495 726
796 989
104 860
625 962
8 750
187 324
716 691
544 773
272 835
762 728
631 854
534 688
58 470
164 35
67 779
398 596
217 617
436 853
593 794
190 837
186 970
936 386
997 502
498 330
56 496
146 126
18 986
136 369
682 398
238 169
934 478
263 196
136 396
696 30
862 634
861 454
928 967
844 211
755 906
885 452
872 537
77 843
767 853
716 823
651 29
480 800
225 773
307 581
215 531
455 260
976 458
922 105
657 426
245 699
794 377
261 326
275 711
81 307
522 974
924 660
976 443
997 936
110 397
504 174
228 84
126 581
180 2
851 38
519 195
552 293
871 843
903 688
774 507
77 217
759 30
67 480
494 492
194 833
688 724
998 206
601 528
144 235
838 932
417 386
797 188
857 633
749 481
751 175
251 528
763 246
24 571
110 433
871 722
605 354
753 617
726 709
10 267
55 540
345 919
208 743
123 27
394 691
95 407
917 405
27 914
73 378
272 626
81 125
191 534
93 33
785 925
221 105
316 398
785 667
253 615
953 411
580 188
263 748
946 862
59 476
391 356
172 468
105 954
798 550
100 677
323 51
426 862
866 26
884 155
225 715
103 483
657 815
16 516
731 186
917 234
405 290
875 350
714 210
459 299
277 595
756 420
77 175
635 650
675 425
349 913
347 578
578 594
211 550
387 967
485 770
6 553
306 240
573 671
14 793
659 43
697 418
998 628
193 577
400 516
42 886
715 879
430 860
732 980
732 144
415 548
450 426
188 996
10 160
712 667
302 856
20 388
269 583
780 403
766 310
75 195
134 909
988 734
899 984
807 380
259 777
150 168
218 976
855 706
923 634
437 853
11 897
626 952
587 741
436 907
298 559
631 711
79 658
488 287
776 960
353 692
358 966
409 551
213 194
154 443
351 839
851 444
535 621
924 547
510 346
825 974
888 19
407 14
580 964
343 973
128 894
267 798
288 562
12 833
1000 800
266 341
975 764
765 188
799 281
479 793
534 280
959 553
801 592
875 194
493 536
856 680
73 582
787 516
249 772
495 77
917 787
261 49
958 601
857 923
182 708
419 948
44 605
967 709
926 55
456 250
884 459
757 754
31 717
868 969
950 901
384 995
749 957
485 152
780 138
246 291
170 281
805 296
801 335
40 834
333 389
832 17
306 549
174 372
276 808
703 690
34 412
899 683
585 291
385 353
5 965
644 318
684 28
910 750
967 240
682 424
522 595
100 772
524 528
165 519
572 514
171 511
436 110
765 857
78 64
953 424
942 887
613 486
876 278
208 323
968 916
394 696
58 329
904 557
586 554
68 242
701 475
775 167
531 793
66 513
744 342
787 201
3 338
895 513
247 105
193 750
91 530
29 616
532 2
229 413
200 838
487 159
908 975
806 548
901 632
390 949
316 290
18 174
663 973
436 321
918 663
686 741
762 326
544 838
804 663
394 856
637 86
292 565
917 949
524 964
213 413
216 524
762 509
552 561
412 312
918 626
193 807
77 979
642 979
59 119
579 143
475 723
164 245
398 584
186 60
345 835
573 181
186 744
255 552
188 849
112 404
546 807
523 471
975 229
569 278
437 94
142 577
429 180
878 788
958 379
867 132
866 237
767 349
924 67
834 571
863 706
577 543
831 550
331 127
497 722
253 626
368 678
216 709
153 622
406 504
37 45
905 742
216 513
514 470
808 183
395 357
998 607
196 17
683 472
777 309
932 389
649 396
525 913
64 454
872 682
365 415
280 774
866 67
188 681
22 62
492 264
186 788
201 256
364 586
137 341
824 158
216 462
73 409
613 742
425 996
795 645
640 51
737 550
191 478
154 62
212 473
668 447
281 166
246 477
862 947
520 327
586 404
593 556
892 995
604 18
10 873
963 877
728 952
409 275
581 242
884 319
20 545
429 567
459 810
238 19
322 923
716 285
118 353
144 760
462 291
390 318
628 775
437 167
926 849
573 507
358 311
544 648
394 143
193 60
697 406
631 382
703 376
719 706
943 85
23 391
691 143
871 227
473 945
417 887
395 85
164 407
12 442
13 977
226 429
496 436
416 312
284 48
142 620
418 239
518 458
184 855
417 338
163 90
882 98
529 43
834 281
987 929
217 952
263 44
228 231
534 300
775 162
851 217
159 718
926 940
336 48
532 346
882 36
715 689
253 338
351 254
844 887
326 839
311 621
503 596
111 130
902 489
890 434
909 195
125 107
484 9
354 463
753 143
408 838
995 431
250 784
371 581
295 88
741 271
408 966
654 66
901 742
100 920
659 290
604 133
263 300
31 634
395 748
495 597
233 836
539 662
112 674
365 793
552 273
640 712
456 967
514 960
831 902
39 336
508 431
605 415
875 86
516 423
457 162
248 24
245 754
572 378
150 320
70 19
971 530
693 252
367 881
944 856
377 337
412 473
597 930
668 843
535 316
56 988
308 890
974 342
668 418
888 298
691 454
805 251
669 443
74 248
326 594
792 90
325 227
394 336
846 366
259 270
426 919
498 315
300 234
201 428
926 493
222 346
588 229
197 990
591 174
464 673
559 510
349 880
289 588
545 357
354 440
992 431
89 346
674 995
731 699
975 343
479 652
654 296
58 192
114 17
221 579
400 121
467 361
245 649
968 322
319 480
271 278
664 658
538 784
56 999
897 584
713 859
284 800
875 183
484 699
557 185
515 689
269 419
565 323
248 595
966 667
375 552
937 614
525 996
363 663
135 477
444 661
247 925
874 903
349 455
976 359
210 383
163 680
659 346
61 821
759 937
57 410
622 101
689 477
436 341
52 757
829 662
817 314
560 999
362 390
918 938
552 711
226 808
209 945
713 825
990 15
832 101
104 846
958 897
816 619
904 41
424 272
448 969
371 396
960 978
325 520
459 818
207 504
798 2
4 916
418 480
318 977
523 695
975 199
760 320
46 467
610 760
451 224
227 620
277 524
552 722
227 395
798 117
325 947
347 786
243 958
116 963
855 222
744 982
657 587
64 869
895 80
735 481
826 846
368 86
121 531
816 966
387 201
822 98
469 978
766 337
732 334
191 551
648 131
327 36
233 66
467 760
876 655
891 398
713 754
256 312
233 184
922 692
554 763
771 532
32 952
736 300
238 777
23 910
824 132
942 380
537 986
520 630
975 162
212 662
237 472
580 346
390 656
927 259
322 893
679 451
136 724
757 397
479 62
375 264
749 458
921 232
12 588
61 845
904 259
351 940
186 222
503 290
629 123
358 699
365 881
330 773
887 933
451 633
310 940
199 175
101 658
755 782
552 833
187 971
97 700
40 885
575 499
926 965
953 193
951 712
52 289
283 75
298 732
22 778
972 639
313 892
557 189
212 742
164 998
163 246
551 290
180 607
233 222
457 434
726 41
543 511
882 599
471 374
851 261
332 62
809 160
785 738
547 737
471 841
871 775
681 83
656 337
859 708
427 685
498 134
449 409
649 569
130 723
180 329
980 350
872 180
629 372
110 344
813 88
804 717
6 652
519 563
417 389
26 676
83 984
669 333
322 215
626 42
42 619
872 545
605 42
667 167
625 24
463 810
4 815
827 797
999 832
142 438
451 882
889 344
512 947
374 777
228 946
215 933
280 94
231 19
456 950
578 941
286 638
157 224
4 557
8 694
601 356
199 760
111 724
159 615
16 80
123 945
758 426
587 25
494 82
537 472
716 983
739 460
118 566
967 312
266 760
310 772
922 897
915 406
385 522
898 375
236 847
332 527
257 324
365 603
700 453
422 319
526 578
794 789
417 18
977 546
778 770
589 914
430 789
436 215
826 344
928 71
544 313
275 172
225 994
989 553
4 21
740 270
416 409
972 94
736 433
673 333
993 338
776 846
173 839
739 17
812 986
345 421
74 815
621 51
167 421
410 556
639 207
20 45
426 717
164 45
592 793
518 818
566 376
610 107
852 411
943 997
544 909
739 434
866 91
450 235
418 623
891 676
347 401
243 443
884 225
427 30
669 65
505 85
861 136
1000 513
700 220
203 774
992 714
711 344
142 544
659 256
804 225
526 911
69 334
797 174
894 902
873 616
582 131
331 25
944 657
532 641
806 656
89 99
461 528
120 903
585 598
798 507
997 463
648 557
178 135
394 920
702 801
739 291
238 622
704 982
936 706
957 99
146 845
744 83
304 616
444 430
145 14
285 106
433 446
116 740
611 615
169 458
4 908
464 581
263 845
165 542
419 461
637 536
900 314
319 211
416 651
522 708
222 641
258 335
899 981
812 132
901 720
844 502
63 689
831 338
172 266
178 357
164 683
818 76
297 979
518 338
203 982
120 923
497 237
604 372
859 524
384 982
972 423
840 612
425 220
956 319
440 460
250 986
446 378
16 107
844 666
570 784
531 954
857 203
414 990
73 300
755 60
988 220
466 333
875 36
32 156
380 849
402 995
668 568
826 48
439 93
643 82
965 328
465 413
364 447
909 609
645 110
450 254
233 410
554 835
9 562
198 869
313 336
657 35
215 382
792 375
381 576
953 533
359 720
420 718
259 811
298 749
866 894
82 119
935 609
78 974
389 710
987 471
914 490
997 131
418 165
51 83
307 499
64 311
951 876
502 386
916 178
368 31
639 312
448 101
582 503
369 83
160 677
308 32
285 425
692 639
962 696
138 51
46 123
298 997
9 973
657 918
44 954
590 782
153 137
453 561
466 541
170 167
250 858
229 986
515 153
621 334
448 100
439 141
449 322
404 974
820 694
424 810
752 499
118 775
908 446
798 843
56 970
279 309
795 231
198 726
939 354
868 143
203 854
385 502
776 488
218 639
778 270
872 181
993 136
917 271
688 393
449 855
299 564
967 130
678 680
604 229
882 650
801 734
944 65
554 575
694 596
243 752
224 401
375 377
581 919
263 272
778 268
798 451
623 415
422 945
524 396
648 499
807 779
225 96
613 98
848 599
120 858
275 211
721 147
906 476
702 980
301 540
950 86
168 389
758 729
74 494
589 760
926 217
934 424
456 85
276 189
79 365
205 215
583 893
368 718
951 748
46 378
510 789
209 482
591 901
154 1
235 817
741 709
156 533
549 477
894 392
930 548
884 59
20 279
272 313
508 443
675 791
103 259
741 53
729 403
58 435
75 407
719 559
733 379
448 194
672 815
659 131
880 595
714 811
525 951
626 320
838 626
757 701
351 781
863 321
527 17
55 290
123 402
333 305
149 63
654 71
52 440
487 914
293 48
128 424
642 790
187 133
763 595
927 6
762 437
868 914
558 251
250 963
73 219
128 708
960 291
69 43
92 266
116 428
956 802
763 528
682 324
456 677
931 85
889 144
441 440
525 474
368 452
762 387
427 396
375 434
651 861
839 206
155 343
113 991
927 507
697 388
753 340
471 248
158 931
826 24
966 396
196 491
496 790
150 589
505 654
890 607
478 340
81 158
565 925
510 905
16 971
980 793
295 66
127 637
78 562
115 945
108 35
701 121
97 818
669 869
388 234
457 501
916 789
894 890
620 845
364 386
953 615
439 378
672 228
120 100
388 35
813 205
338 933
554 693
534 607
669 760
735 999
812 696
744 522
20 501
363 435
616 981
494 946
227 850
939 461
449 517
621 954
740 543
836 204
962 273
194 681
515 641
740 734
284 217
64 226
27 947
987 365
358 162
285 578
719 143
864 249
962 612
374 920
611 851
798 27
311 179
871 771
498 688
462 933
306 92
477 389
976 80
669 701
95 345
847 296
590 860
472 98
889 338
34 839
757 577
698 578
351 344
641 89
944 917
311 843
185 86
565 807
321 45
522 356
214 719
308 672
128 475
113 50
500 952
769 760
39 440
150 565
994 954
388 977
123 249
693 433
248 627
3 742
851 708
728 995
65 538
486 760
439 340
74 458
749 553
830 440
147 239
125 129
387 951
809 215
866 996
950 14
749 532
924 113
927 565
373 48
451 941
731 470
243 696
67 533
233 763
75 576
255 781
918 902
182 378
524 553
400 800
485 144
52 661
95 989
865 807
200 159
668 702
26 970
364 681
503 673
349 513
585 845
169 893
163 585
635 764
798 933
837 301
12 72
890 49
387 691
38 281
120 614
34 895
464 862
308 954
827 75
847 569
944 197
788 720
828 144
547 242
108 634
888 553
716 673
864 430
300 970
965 696
775 30
49 460
38 309
399 886
787 84
233 907
716 557
518 754
922 391
439 983
657 286
67 231
975 633
145 139
452 481
963 537
279 766
895 756
775 530
121 605
328 234
535 965
697 130
610 296
38 802
779 994
678 3
610 292
147 774
362 229
496 749
258 111
427 520
200 379
410 617
358 54
233 558
272 923
702 608
999 8
215 854
728 550
259 527
917 494
391 489
873 292
972 618
549 148
578 401
347 845
1 658
327 377
849 244
706 291
559 54
649 51
387 954
857 688
103 105
759 246
551 344
716 976
141 266
894 256
316 202
773 790
625 242
587 723
117 310
101 556
233 979
899 532
990 814
899 270
151 833
129 950
855 111
918 153
277 642
453 645
294 124
679 376
632 393
284 311
135 413
206 290
394 753
695 996
938 61
940 699
911 671
418 84
581 389
895 764
312 973
588 343
433 867
852 680
427 398
914 977
965 892
728 440
780 267
570 481
412 557
384 671
385 169
959 685
872 493
14 688
647 356
888 190
844 291
811 341
492 475
785 322
682 815
687 280
279 35
539 701
664 232
842 720
381 194
559 691
263 658
944 38
27 621
157 648
173 723
592 27
121 465
659 994
509 538
629 623
597 534
827 628
667 42
289 950
27 802
591 623
679 772
272 303
702 832
781 134
461 415
398 598
588 766
245 936
834 107
296 886
687 705
418 249
437 800
942 979
267 635
65 129
959 156
962 764
943 565
172 411
448 471
746 151
148 930
263 437
205 718
9 293
308 191
512 892
572 70
524 886
913 49
633 344
914 224
120 217
865 998
523 403
570 890
918 369
838 940
73 881
358 991
283 287
890 26
717 614
226 933
514 952
469 208
722 162
678 756
799 470
529 712
238 399
145 634
125 653
558 941
254 71
612 219
880 598
79 229
803 641
604 430
164 551
866 605
422 552
771 237
272 119
880 810
534 920
693 889
445 751
624 245
388 454
59 70
763 812
214 538
262 727
316 983
890 593
45 62
794 96
128 170
693 429
924 414
432 127
37 240
182 477
311 800
701 105
729 855
786 350
780 836
205 840
367 594
591 824
147 933
79 128
161 18
683 649
950 507
109 430
752 412
956 915
816 804
140 784
757 533
163 180
740 219
822 878
730 454
258 411
712 331
32 330
37 180
469 128
169 281
181 343
71 983
816 277
865 481
83 779
92 561
793 730
935 247
953 316
467 581
603 54
340 833
972 411
507 788
743 724
975 38
607 541
125 111
528 105
639 376
616 522
871 726
959 684
820 396
98 978
964 356
843 7
5 489
274 921
408 446
913 545
16 539
49 313
884 169
667 978
469 555
400 331
943 450
822 660
752 58
200 855
233 8
700 192
762 729
881 287
474 513
752 609
675 426
806 8
694 606
81 480
902 808
628 932
694 699
791 782
729 819
286 373
518 465
120 332
926 830
502 645
827 798
669 478
142 100
87 458
250 339
422 203
102 603
613 877
209 711
647 373
22 82
570 654
40 93
285 82
49 51
803 804
276 903
438 436
926 468
331 650
18 646
26 338
921 627
145 562
213 352
803 290
868 468
597 654
10 546
924 955
676 240
95 600
221 311
422 305
707 715
422 562
384 994
550 773
447 45
486 431
92 896
524 309
294 995
632 89
871 641
225 996
526 16
160 257
128 208
728 841
799 99
137 834
474 671
114 859
447 696
253 431
685 571
107 281
360 819
467 462
20 106
627 596
168 734
721 769
607 751
484 969
878 136
566 39
851 284
236 564
520 836
129 273
758 754
365 219
109 553
826 639
597 541
347 969
180 83
70 54
806 838
419 179
911 773
161 29
574 411
765 760
865 179
235 947
940 166
92 876
277 811
100 324
439 691
846 148
79 693
848 417
363 311
174 460
269 413
173 115
832 882
937 192
298 163
882 564
109 460
891 814
466 482
547 537
887 546
471 912
618 722
872 358
116 818
968 740
481 663
587 105
439 132
660 379
999 811
568 383
147 995
391 641
76 431
241 677
921 812
999 852
47 506
267 703
981 18
884 855
794 491
564 699
612 886
394 93
595 945
140 171
837 287
105 499
516 585
680 7
648 54
67 92
81 379
325 622
658 131
221 436
675 256
164 364
562 748
63 684
778 774
433 810
313 430
489 870
485 177
227 286
987 196
279 897
705 215
398 701
840 833
300 392
926 731
419 168
880 102
404 915
448 53
500 8
23 719
121 616
43 947
382 533
696 312
277 272
803 585
799 372
746 465
326 493
325 930
716 189
185 127
624 880
370 39
140 786
878 551
47 720
612 684
971 454
138 742
141 324
283 80
692 266
685 937
355 949
442 686
725 116
123 254
458 460
707 102
215 282
643 121
243 946
46 327
494 607
761 265
678 590
815 287
865 511
857 868
668 401
687 230
999 386
275 39
153 42
316 406
805 925
570 884
365 847
484 145
929 434
453 644
155 426
474 714
465 281
250 603
323 7
142 262
394 898
899 182
429 885
829 631
516 68
127 206
895 741
721 452
965 207
363 832
74 379
700 8
237 141
367 588
87 630
784 745
939 468
538 852
353 723
872 805
359 543
739 849
97 809
222 389
294 268
209 654
97 794
570 426
780 709
386 313
645 724
522 750
698 42
142 21
319 282
205 441
773 533
358 303
753 513
26 849
809 996
777 402
292 576
235 527
232 655
243 63
720 54
940 15
68 313
602 723
37 426
544 145
157 402
355 143
895 963
762 203
936 323
981 90
216 912
560 947
190 621
24 477
572 672
227 382
63 920
990 507
259 506
889 778
547 960
934 520
491 124
191 418
495 216
381 141
450 272
27 834
404 699
692 241
127 978
639 548
479 817
629 812
967 239
741 383
294 743
102 620
236 357
79 108
959 898
161 86
848 874
736 834
708 344
24 810
300 452
375 373
451 577
652 287
122 770
118 82
279 262
38 287
79 98
92 123
186 82
414 440
618 17
93 691
911 833
580 39
82 348
255 989
387 82
502 237
221 382
516 100
34 84
310 742
81 254
988 36
629 820
593 982
982 947
72 743
979 546
16 645
575 880
114 331
464 738
781 454
525 717
416 723
953 101
675 587
715 902
261 568
684 421
591 568
316 845
380 421
963 571
156 299
52 11
412 100
628 175
477 779
768 901
843 126
915 978
339 500
216 360
155 520
756 694
650 162
126 742
81 183
115 194
429 196
597 561
100 837
927 610
551 543
559 230
682 857
828 29
118 901
921 667
322 434
822 495
34 266
9 232
594 166
428 402
47 117
292 614
813 981
21 318
634 606
232 470
209 825
695 58
711 61
985 229
351 345
960 810
871 945
88 169
448 473
787 126
891 266
88 48
31 183
825 82
385 484
23 101
242 788
3 230
960 420
728 911
412 50
190 338
997 644
593 862
449 668
96 249
647 344
628 314
801 832
721 788
817 94
66 61
385 526
967 676
664 431
816 93
875 63
439 126
416 536
408 949
388 912
487 745
752 29
78 576
948 143
695 849
332 955
866 444
63 7
382 41
402 251
74 513
263 329
156 232
223 62
592 402
437 521
65 304
788 454
159 216
877 606
87 465
746 489
514 160
587 468
146 954
747 948
390 489
289 597
914 333
351 904
316 188
535 546
69 440
762 753
223 608
90 315
505 284
376 684
889 318
961 337
894 789
714 451
510 969
362 778
680 919
725 853
307 62
621 244
682 653
72 923
968 341
261 328
988 91
205 994
349 737
935 712
447 348
247 621
568 527
200 826
695 297
151 524
780 955
770 782
109 331
394 290
942 643
43 102
727 602
869 115
77 408
665 590
449 622
914 627
742 710
695 842
59 932
956 96
411 819
741 764
49 30
629 666
545 971
953 440
993 401
120 718
304 333
928 652
884 981
306 533
962 616
713 724
733 314
951 373
993 970
926 163
864 349
517 434
169 964
553 291
775 192
618 706
219 240
883 413
172 877
144 774
818 612
881 585
836 54
92 152
228 544
452 982
871 456
740 18
921 741
582 206
144 612
685 995
119 637
917 996
447 885
956 705
245 133
289 541
733 779
711 373
326 602
37 667
815 850
92 465
128 285
712 296
4 828
531 224
340 207
937 244
394 757
514 454
763 251
46 63
747 291
221 543
268 435
419 86
645 196
913 30
293 315
796 426
831 555
825 168
163 159
132 974
471 83
927 868
759 61
900 718
221 297
939 232
394 980
419 657
227 838
326 323
911 984
121 66
673 202
387 172
91 393
788 835
117 821
147 359
824 718
746 756
669 831
368 994
924 378
686 845
520 628
461 656
127 745
765 838
318 504
46 812
924 366
993 94
866 840
574 820
132 821
300 270
349 54
336 195
495 673
505 469
386 553
276 860
682 31
618 234
318 867
675 349
223 290
824 855
9 837
847 76
275 407
245 852
238 451
40 70
27 603
630 511
326 324
738 810
774 581
267 579
243 430
87 646
711 892
776 240
154 435
452 710
728 5
826 720
968 823
759 680
221 816
927 679
326 788
682 268
586 3
558 250
515 196
517 954
146 17
639 879
459 462
480 342
380 860
764 748
802 152
520 600
453 400
467 937
38 772
428 249
915 352
783 284
428 842
385 632
586 141
78 952
656 420
965 893
148 774
755 933
303 166
706 35
744 948
100 790
989 143
406 978
750 431
899 993
70 109
905 979
950 75
308 686
942 746
763 477
796 770
884 317
295 520
709 603
965 562
589 555
934 941
137 301
349 192
811 978
856 710
212 185
318 62
169 293
276 706
432 645
125 435
182 2
551 169
869 955
639 978
82 982
149 496
931 33
494 328
57 10
731 475
323 670
134 970
894 990
598 609
883 29
756 33
651 856
111 606
323 981
762 321
550 266
725 748
498 842
391 348
738 723
237 564
462 194
917 27
169 680
675 512
887 105
987 772
365 127
121 180
329 784
9 229
864 215
898 145
474 28
538 855
97 459
692 242
394 137
747 649
792 590
622 814
669 815
211 315
529 677
990 151
198 348
467 862
445 826
283 620
424 26
328 778
418 296
5 1
178 677
618 880
664 176
263 185
981 346
613 768
294 459
154 711
149 236
510 788
704 5
398 235
379 189
843 983
958 588
277 421
316 138
649 744
498 674
526 893
698 562
250 177
705 815
481 540
586 546
484 633
117 151
901 722
237 254
989 220
362 845
433 107
701 454
668 989
842 903
417 870
777 876
965 690
332 415
20 576
889 666
879 7
29 530
861 906
56 229
125 116
804 551
648 315
795 973
157 246
154 425
903 19
761 919
929 747
151 932
306 838
747 647
214 976
79 620
597 257
34 723
972 223
430 472
602 982
659 683
81 884
112 317
787 231
851 357
412 91
354 270
226 839
88 407
271 750
135 595
525 104
101 282
906 352
844 598
704 734
379 519
86 152
864 406
525 24
623 920
208 461
465 810
597 224
597 283
3 314
713 504
332 662
711 845
769 178
570 403
398 897
438 475
939 151
225 534
335 423
959 221
514 748
349 540
330 974
725 267
844 93
929 885
749 849
713 333
961 54
808 528
635 935
252 359
390 28
77 249
654 986
258 488
672 253
669 594
200 589
715 629
351 976
329 850
856 291
329 406
84 127
185 440
748 470
631 524
509 905
234 617
409 312
255 322
924 621
512 380
223 662
376 744
741 676
698 259
49 845
801 842
180 790
796 569
364 776
837 177
583 941
585 218
755 314
597 754
288 377
927 906
52 218
224 567
714 752
822 438
534 601
191 649
142 99
176 790
444 658
295 970
758 417
397 991
515 555
186 371
509 395
274 720
258 94
40 55
604 105
385 283
77 121
257 947
87 206
630 411
799 933
137 517
382 185
163 133
168 632
817 982
92 877
916 511
112 503
918 102
323 329
391 399
419 80
159 165
434 847
79 428
56 329
839 567
296 468
469 599
627 181
51 25
981 141
931 458
104 971
118 327
453 750
222 772
514 854
529 208
641 3
528 930
679 902
275 910
934 26
47 847
432 217
392 963
263 815
566 995
552 195
186 575
953 869
65 343
625 849
673 63
921 810
52 609
191 670
180 54
4 45
404 514
913 51
197 363
412 737
756 61
404 92
289 595
753 730
37 28
669 807
868 603
796 85
961 318
142 962
146 504
827 395
690 727
155 395
234 282
15 983
760 19
861 138
267 817
150 551
823 260
924 643
570 80
928 955
902 138
69 907
165 877
395 138
178 536
154 198
613 794
94 933
209 192
931 138
245 863
277 425
385 744
362 222
674 964
613 358
716 749
171 711
557 451
197 664
121 382
685 310
157 928
110 161
965 718
664 867
46 769
322 696
613 468
640 940
777 641
876 684
190 630
908 344
365 995
41 670
682 273
660 91
37 441
587 33
150 948
971 744
335 688
959 348
452 706
47 111
511 54
583 287
891 793
688 162
325 983
4 219
711 862
69 905
691 708
535 639
755 165
781 798
439 25
474 197
58 178
487 868
827 66
836 603
140 209
478 204
707 21
757 608
320 309
763 352
380 431
79 276
597 291
118 779
587 355
941 543
732 60
700 328
985 357
789 131
393 978
926 555
660 850
448 767
929 579
128 852
436 29
711 297
882 468
238 283
911 817
422 468
479 408
588 360
616 327
163 633
740 938
759 862
891 595
664 920
388 206
500 969
557 18
972 25
432 102
497 737
623 152
40 791
223 123
827 16
736 514
901 48
898 45
776 104
535 787
65 964
214 990
828 537
716 440
516 108
823 988
269 172
297 737
820 36
178 994
701 434
332 261
397 601
744 45
816 649
534 903
47 91
881 204
616 278
863 737
330 473
180 252
590 309
456 639
57 76
956 86
943 155
404 969
118 788
726 902
749 307
326 970
267 251
332 949
796 901
616 94
377 246
503 770
267 63
111 608
901 782
221 989
16 967
753 372
446 919
659 178
6 623
827 912
216 941
726 511
47 136
966 971
267 637
793 54
63 680
632 689
339 817
441 454
201 359
416 94
1 401
390 995
377 533
199 723
881 870
277 183
668 617
985 98
836 15
517 561
435 63
56 49
991 359
702 89
378 242
668 87
852 321
618 661
457 76
91 810
416 132
657 129
363 170
70 246
675 619
690 983
496 984
675 340
795 947
302 67
78 520
687 928
771 901
872 3
442 607
960 551
106 782
124 183
633 979
134 434
462 482
553 220
587 969
64 293
158 734
840 769
664 616
953 613
467 889
622 941
639 342
988 15
276 136
944 50
546 396
634 655
150 472
538 567
316 380
825 104
147 667
865 126
221 124
635 137
700 855
865 822
631 527
647 441
329 793
275 764
505 453
880 411
115 211
757 502
747 147
527 584
497 240
119 941
490 33
449 306
116 882
640 790
962 435
971 681
163 292
203 77
572 231
148 724
212 677
826 806
193 135
965 519
753 132
238 180
478 742
160 734
689 870
494 108
120 693
741 734
462 536
895 121
317 192
702 72
993 876
706 2
289 266
547 543
110 988
782 945
5 241
597 940
643 186
424 629
505 614
114 977
410 961
267 837
378 742
366 210
83 314
245 869
46 488
468 912
566 248
959 28
452 880
813 699
688 919
350 383
783 609
795 148
471 244
486 350
2 383
958 441
956 266
671 54
245 174
145 548
253 633
733 96
381 744
856 617
91 17
426 623
997 744
937 24
657 563
828 738
445 301
769 470
461 540
806 235
673 788
170 254
712 849
95 774
520 460
777 376
30 646
648 901
733 270
624 375
721 191
908 430
547 116
9 374
79 746
186 696
665 272
958 596
792 980
295 232
10 491
502 925
759 457
163 853
883 818
347 700
39 206
890 303
955 475
529 35
11 652
263 826
941 501
125 992
272 734
245 257
47 638
82 75
566 877
610 743
512 663
968 592
241 941
687 175
953 912
438 886
13 532
498 168
422 64
686 481
532 271
360 377
474 191
255 360
400 690
599 244
697 734
481 48
331 346
611 297
122 158
330 745
192 343
410 815
268 506
604 589
514 614
566 478
365 163
302 978
303 541
606 536
97 536
786 970
894 296
733 754
558 754
693 99
129 247
508 145
485 304
231 565
157 33
461 108
409 257
129 135
593 51
989 430
377 807
494 626
758 665
153 397
580 287
924 860
690 7
908 988
153 742
867 406
874 902
41 194
215 598
52 154
574 912
730 543
753 1
390 115
480 969
979 423
317 862
927 615
956 913
112 761
727 541
188 677
27 342
231 207
842 119
560 843
826 284
418 703
856 976
95 992
637 548
219 750
5 262
217 354
659 336
822 144
312 350
31 646
374 620
295 372
472 337
694 278
417 846
65 610
737 930
725 145
856 643
740 782
657 766
804 510
227 808
21 109
547 467
675 6
120 380
320 973
875 685
163 40
361 666
471 556
13 575
228 146
767 127
447 920
778 62
276 434
878 991
433 230
918 244
840 138
46 312
922 88
217 930
809 291
953 859
808 563
827 439
804 436
525 553
459 481
153 98
611 260
358 493
345 820
509 406
608 655
747 727
267 503
953 160
474 874
829 291
675 7
916 782
437 655
746 268
302 347
705 536
73 27
172 27
130 708
696 907
713 527
682 68
12 472
198 94
478 550
115 195
47 593
692 561
217 199
650 662
260 773
126 378
330 257
493 784
392 249
747 677
624 491
908 603
22 618
202 315
136 151
586 877
822 936
385 421
373 933
545 622
489 348
79 495
243 529
747 2
953 473
37 638
129 723
926 223
414 683
261 153
218 756
164 838
339 235
330 151
741 793
572 190
38 590
508 265
438 226
12 127
178 717
47 692
253 39
518 579
943 525
297 379
554 857
578 649
848 984
664 876
133 909
604 994
935 425
618 507
247 192
265 166
767 660
400 720
86 443
439 295
1 407
503 824
645 344
925 28
16 504
668 717
168 807
768 561
74 33
647 900
940 880
148 779
405 602
467 542
856 784
570 232
93 886
277 330
778 305
633 770
874 604
678 318
568 834
908 99
615 980
591 36
611 294
128 224
668 131
800 533
142 892
682 395
345 679
615 902
735 615
467 260
27 974
347 463
811 949
269 133
379 600
851 498
564 71
182 99
40 89
149 89
226 29
518 995
115 638
171 191
221 435
121 977
515 587
979 7
781 40
825 260
12 80
526 763
397 718
866 426
144 444
128 12
288 393
560 960
916 569
81 367
455 158
16 358
149 70
486 246
593 472
667 662
598 372
138 444
187 119
267 352
261 360
322 48
813 977
698 106
851 660
227 377
142 297
761 583
5 667
747 1
813 184
235 3
117 415
581 143
715 305
208 192
57 588
888 853
494 357
65 1000
479 99
252 423
847 779
657 197
813 82
694 333
647 536
678 356
31 845
157 689
951 623
170 945
888 400
256 36
702 239
308 937
427 971
523 117
298 590
46 35
23 895
134 254
253 177
539 799
752 622
203 695
74 536
498 289
146 321
626 677
804 874
462 312
397 963
41 627
47 441
523 210
254 251
813 546
13 473
878 967
659 125
58 609
815 949
70 720
942 561
888 128
227 44
484 717
637 978
975 976
384 421
443 986
518 507
40 167
580 54
122 1
875 452
49 688
181 770
622 914
399 252
497 712
210 195
762 78
817 107
514 919
639 561
629 833
12 981
736 212
417 85
406 784
400 760
769 338
517 369
665 254
403 177
509 979
180 948
214 191
936 135
226 532
129 807
664 278
777 3
5 315
10 53
123 655
485 420
432 647
763 109
41 33
755 966
936 839
928 743
74 924
755 520
398 330
804 631
968 723
327 748
558 363
358 116
153 483
168 791
458 341
361 287
968 225
356 663
889 378
917 169
831 402
495 29
306 426
495 88
616 710
209 608
73 738
430 957
857 421
585 180
297 654
997 215
370 24
707 192
128 454
493 897
128 458
539 195
700 100
47 696
682 973
894 188
184 797
279 504
118 41
46 991
142 463
977 556
427 792
164 571
429 619
753 191
840 412
765 647
866 13
397 105
881 260
991 646
229 1000
12 87
956 210
142 700
412 923
508 964
781 71
506 677
830 790
937 802
891 338
586 538
967 724
77 814
928 628
776 156
223 988
451 542
979 293
193 289
767 315
615 63
83 945
920 556
205 458
275 18
474 685
944 982
963 393
538 925
221 992
990 569
739 537
198 705
919 290
364 724
860 541
493 482
471 324
362 191
909 63
922 621
613 199
929 914
474 604
577 39
484 784
702 906
859 892
92 2
81 625
752 542
476 61
215 691
478 63
113 312
373 563
90 530
539 464
883 910
616 343
112 966
218 354
522 954
349 146
78 629
308 413
133 845
798 978
269 41
927 568
208 291
228 921
363 178
307 406
888 178
390 211
255 436
950 520
142 453
313 14
213 968
288 296
953 432
272 530
737 877
570 955
964 440
463 460
831 13
608 19
57 774
498 763
721 598
404 1
22 918
120 503
666 744
873 344
44 947
448 292
81 556
939 595
357 50
927 24
526 352
924 196
610 706
875 1000
79 146
962 744
953 726
491 677
715 622
851 627
426 543
629 483
238 438
962 219
572 719
912 571
184 825
16 186
623 224
786 488
652 499
387 202
77 156
427 750
874 849
79 319
142 825
349 82
93 300
457 237
921 71
630 571
319 105
492 710
935 812
599 14
956 376
827 177
657 923
8 839
47 761
456 43
505 287
928 764
235 108
806 709
376 179
392 301
626 421
697 893
729 305
480 61
889 773
385 718
523 478
939 353
206 835
937 270
855 312
526 769
783 466
698 471
683 745
876 835
38 581
38 583
927 708
836 431
455 513
188 314
313 470
988 632
154 88
865 836
80 401
457 708
51 194
471 284
154 642
419 748
480 350
279 626
635 931
249 273
636 40
538 601
483 751
643 824
127 720
463 536
934 913
31 383
453 145
477 346
259 690
825 542
512 278
126 15
827 345
618 877
997 462
409 936
753 555
154 138
286 617
44 68
797 227
894 575
331 742
121 443
461 886
292 905
775 257
270 912
330 135
715 722
332 259
659 672
209 350
466 309
590 105
24 54
560 405
135 680
474 785
703 542
210 314
492 134
530 994
47 640
484 360
57 958
563 341
792 84
341 860
950 662
874 313
251 468
469 337
390 969
150 194
5 836
780 278
196 373
794 241
159 564
965 264
804 420
942 285
394 830
557 431
516 565
702 462
816 42
277 278
804 101
81 293
696 480
56 809
992 310
295 550
939 961
275 88
735 825
824 556
993 790
472 923
818 223
668 808
285 862
407 343
404 503
965 275
413 886
829 224
156 937
917 148
416 743
129 110
926 629
675 994
966 9
200 429
103 444
587 621
532 912
591 895
164 104
924 22
552 874
927 222
461 879
119 76
138 380
213 163
417 441
365 958
552 256
139 281
866 200
250 137
432 343
292 280
851 649
171 207
732 407
289 472
784 383
569 637
163 928
959 995
898 746
8 174
916 92
955 282
721 512
216 71
277 621
107 773
908 957
681 36
698 584
410 500
217 925
796 106
503 257
713 658
985 260
193 562
492 457
574 148
651 69
843 815
680 389
409 183
585 435
407 952
643 812
898 721
740 628
381 903
910 1
586 874
362 966
400 695
497 805
762 536
472 499
868 565
753 492
842 331
300 30
34 665
362 63
456 373
795 192
231 376
519 634
445 270
146 62
633 30
58 167
596 567
591 676
205 125
244 48
422 629
316 957
510 235
938 401
961 3
293 522
172 378
457 507
154 902
716 500
719 576
603 802
416 937
494 964
573 90
418 909
180 339
833 595
59 965
485 47
861 372
791 107
163 463
416 138
474 202
381 984
459 251
900 43
586 341
946 563
683 342
269 228
204 244
57 346
701 166
591 168
2 964
241 176
524 251
762 316
302 159
178 903
797 838
505 468
767 420
130 994
157 838
509 180
451 543
972 668
398 593
907 986
741 786
959 913
715 948
490 722
325 285
481 356
943 190
159 169
493 337
47 856
404 935
429 810
75 27
258 27
582 832
958 343
525 229
279 236
909 99
951 902
416 485
363 590
310 483
913 340
79 411
436 932
478 117
293 814
49 994
173 598
388 357
648 212
761 134
572 449
888 503
158 167
87 779
59 997
851 780
288 392
372 653
97 468
4 116
987 870
93 799
494 319
217 48
345 791
384 557
915 348
279 754
517 33
472 396
65 683
953 642
59 160
801 159
610 954
711 940
272 493
478 14
406 810
119 215
298 662
228 43
345 575
11 940
514 587
164 773
112 143
767 344
713 819
908 43
86 821
154 214
625 594
394 779
294 481
962 663
487 119
726 652
927 534
514 19
787 674
942 62
333 162
373 789
479 555
815 914
813 228
247 293
759 989
241 930
38 268
597 737
159 50
275 318
715 853
308 259
925 346
214 691
306 667
991 609
391 51
9 270
115 540
807 291
701 981
630 192
297 551
647 382
313 482
701 893
752 809
781 914
364 332
102 994
267 249
451 640
547 83
699 723
816 978
387 521
96 100
592 579
445 579
920 932
621 287
373 912
669 183
747 280
559 590
24 676
365 892
768 423
11 334
332 433
268 152
112 483
386 673
703 382
388 240
193 631
560 374
941 854
109 723
59 893
908 356
377 770
961 72
84 278
806 475
126 691
10 900
976 708
455 923
834 143
117 53
494 124
828 568
209 434
169 28
679 76
828 685
551 147
934 374
526 2
212 89
103 521
796 237
439 270
683 229
142 158
704 675
714 169
498 608
900 317
143 195
180 462
610 100
150 83
725 223
623 949
193 342
980 589
317 617
894 756
358 734
187 525
364 337
180 751
570 239
208 907
328 629
712 33
68 413
526 811
971 603
398 536
807 177
392 577
384 546
316 355
172 593
904 999
734 346
602 595
592 546
227 889
27 246
150 543
351 359
733 64
693 98
112 350
116 177
956 937
866 346
762 339
46 934
763 33
544 947
408 288
697 753
494 450
245 947
339 236
918 568
642 569
213 776
129 319
481 19
967 907
624 730
890 36
284 428
353 72
874 126
170 690
816 391
469 488
46 163
416 414
801 60
255 522
927 702
625 553
316 29
65 262
801 715
899 694
159 676
269 993
981 994
219 334
318 483
311 973
137 219
201 156
154 805
249 278
146 420
247 378
160 132
815 489
806 158
15 460
568 709
154 714
6 315
306 134
132 105
328 576
46 87
157 166
355 101
916 506
158 724
601 507
4 388
771 124
762 46
361 43
707 610
787 610
801 678
781 617
422 165
370 356
615 652
566 718
623 522
569 177
22 219
566 441
586 916
568 634
564 356
483 334
22 748
1 219
881 701
319 614
26 543
695 983
897 722
951 220
537 880
432 421
95 986
74 139
373 706
763 305
437 305
733 491
747 957
241 667
478 966
10 418
464 376
888 1000
798 139
248 784
275 89
436 452
687 965
813 656
747 139
881 482
216 307
133 633
459 189
43 835
335 814
664 870
624 108
840 39
962 63
406 320
44 696
498 319
355 270
16 50
365 634
951 947
544 170
322 168
178 814
729 266
716 36
228 834
438 204
116 799
386 1
907 676
578 680
942 597
842 880
215 808
951 838
594 653
599 413
754 760
22 58
341 994
238 577
547 784
942 526
214 54
200 957
177 541
441 320
309 954
216 482
751 727
795 504
289 101
746 897
519 301
673 305
56 989
142 648
478 314
365 934
187 818
888 852
340 393
855 281
134 160
371 745
45 694
159 29
6 950
275 360
147 589
253 377
622 143
269 613
962 408
480 30
497 673
832 392
424 722
216 907
119 343
52 8
323 504
864 605
803 421
120 742
725 715
354 581
97 41
362 522
425 556
435 115
875 475
95 222
187 766
583 403
191 222
375 100
149 895
193 507
243 214
73 818
643 848
445 758
763 529
645 297
696 239
74 275
237 357
932 720
728 884
65 175
539 21
218 115
583 720
705 100
23 849
626 976
613 584
979 957
582 527
695 288
660 760
140 89
736 693
197 567
783 808
233 82
457 634
121 821
944 489
256 660
361 819
940 860
732 280
259 996
899 632
55 315
682 694
426 815
823 617
924 85
171 14
127 513
818 748
331 207
560 400
765 45
438 881
502 417
489 7
117 75
550 983
972 545
190 874
807 748
592 356
586 71
228 809
927 41
27 192
823 392
748 287
446 145
761 551
918 290
726 86
5 259
960 724
282 346
505 375
424 153
474 679
836 561
868 994
742 919
432 345
80 772
668 981
836 533
464 689
280 820
271 507
422 732
137 481
212 814
872 75
289 901
532 949
161 920
437 588
565 148
3 986
117 610
164 908
37 337
976 858
566 818
237 382
320 676
812 567
509 658
685 536
454 646
56 790
184 538
496 87
725 914
769 630
554 804
322 354
355 17
163 18
683 545
354 772
570 522
771 722
851 142
289 212
611 645
249 674
796 878
74 395
780 813
951 271
944 865
223 914
632 957
578 595
330 336
824 251
787 291
851 136
355 468
636 786
445 117
319 504
185 743
276 17
784 411
371 730
269 988
375 836
911 905
953 329
191 195
232 860
213 471
438 292
296 744
223 224
943 699
560 790
44 317
395 36
64 530
902 338
793 571
485 172
155 524
64 549
311 381
316 532
263 27
881 559
294 692
825 319
232 53
528 793
12 789
573 297
466 423
349 510
167 619
987 207
937 377
883 18
171 459
357 207
931 219
605 309
838 386
263 577
377 718
430 470
299 569
414 752
648 348
894 682
436 666
905 511
747 491
916 618
307 743
616 602
187 470
776 318
975 156
762 926
636 645
325 894
926 981
621 468
921 652
173 222
129 401
394 418
263 556
213 957
784 984
37 347
259 88
687 839
762 556
831 254
671 194
325 918
590 717
960 919
469 129
674 782
612 315
531 742
471 947
683 906
825 210
866 713
889 594
52 634
697 208
482 343
641 63
23 541
510 912
514 223
739 347
41 862
889 946
854 819
216 994
502 467
617 346
679 357
550 431
924 336
689 396
288 346
561 677
22 646
459 377
198 533
873 546
729 697
832 343
776 88
941 14
232 791
308 872
804 814
687 266
525 198
786 151
935 497
891 159
259 710
558 782
754 879
359 579
145 658
922 646
874 712
623 536
268 932
85 976
155 817
3 179
311 712
704 668
884 131
308 528
97 127
689 841
702 301
446 633
275 344
898 733
233 513
875 630
198 90
558 985
247 146
110 946
801 283
138 130
128 492
193 273
752 995
22 393
908 461
967 49
632 670
243 784
392 458
308 772
844 942
321 862
717 676
92 486
236 260
771 596
70 123
6 463
912 886
43 567
842 472
267 162
69 730
123 104
328 562
757 885
140 121
240 533
917 175
757 964
562 984
299 628
716 442
485 700
232 663
825 847
749 82
247 93
752 751
282 25
746 745
74 147
192 105
351 673
281 174
832 443
505 129
826 428
11 779
248 181
763 393
385 494
199 614
816 242
607 234
173 774
311 863
167 305
544 895
827 909
905 976
205 960
79 381
60 656
151 443
883 319
185 602
399 852
34 655
585 136
685 324
883 669
210 177
141 691
11 488
547 909
332 370
457 566
289 60
780 111
399 900
617 720
495 139
339 3
904 954
899 604
735 734
326 153
624 184
508 971
392 446
1000 17
645 777
229 393
161 320
414 292
81 410
60 115
109 807
427 587
521 565
61 342
252 524
815 933
991 303
464 879
701 1000
749 58
601 101
157 31
771 854
274 648
745 413
233 996
42 782
560 921
31 202
410 212
39 334
409 473
797 641
830 626
417 617
707 75
749 455
8 663
142 178
967 577
640 490
316 550
214 86
313 543
128 715
128 415
414 969
322 333
953 103
640 441
205 137
193 162
104 378
733 966
128 569
972 907
339 291
416 916
200 963
918 754
796 645
301 790
582 365
981 550
765 22
178 938
892 344
654 933
374 24
251 542
990 497
639 389
441 978
391 357
934 175
361 36
976 603
992 742
64 415
386 833
301 584
617 982
150 245
939 142
918 991
442 955
775 571
137 241
910 710
367 549
795 272
386 297
186 522
259 346
457 615
96 531
347 276
308 953
879 662
82 468
423 287
910 518
280 17
38 251
38 915
757 664
914 909
560 224
23 284
939 958
521 458
93 39
455 33
187 979
848 461
554 207
207 35
608 919
667 724
308 52
926 264
901 507
289 556
457 743
39 490
895 91
44 266
768 841
532 564
444 513
198 53
322 995
251 290
147 612
766 576
826 441
913 596
274 660
381 821
1 925
73 289
922 879
400 982
141 938
382 407
992 990
809 931
585 653
682 589
747 599
527 589
822 980
445 638
749 161
543 879
967 533
843 726
163 137
896 858
388 94
905 553
362 543
469 24
267 895
716 267
659 961
175 50
570 144
330 513
796 499
238 300
294 132
251 541
69 793
200 264
851 289
554 778
544 329
257 204
147 946
261 174
866 93
193 551
34 264
539 264
796 671
409 61
211 266
837 912
96 646
498 766
9 219
815 338
5 930
229 974
738 224
187 423
351 954
809 80
219 17
544 146
632 810
592 382
613 776
565 415
150 609
485 19
187 675
767 562
379 553
426 126
102 909
910 453
274 53
33 603
953 937
68 54
277 107
271 511
415 986
998 344
857 969
223 963
47 354
563 443
873 555
417 661
806 956
559 818
498 264
747 947
754 595
127 646
831 376
398 642
590 85
169 955
843 206
913 941
693 652
235 630
316 166
400 601
981 540
605 348
678 33
981 633
96 601
362 16
591 531
955 879
644 654
503 324
15 858
702 524
873 738
999 779
959 318
113 866
905 522
251 849
574 379
544 915
433 96
199 689
416 849
936 69
140 576
636 282
783 855
218 215
628 553
123 210
325 833
698 324
22 582
804 144
560 862
884 741
180 779
715 676
42 105
326 156
332 134
171 539
794 182
610 914
193 237
501 677
59 99
229 352
848 941
761 474
935 290
218 1000
84 359
678 335
895 339
725 658
125 820
330 870
761 930
590 232
716 389
260 536
275 482
458 814
390 743
325 629
447 275
924 114
642 744
40 442
173 257
781 446
864 841
630 481
648 970
445 598
474 336
289 783
440 336
508 41
618 218
816 819
13 317
246 195
399 800
682 503
427 641
759 981
961 750
411 933
478 101
904 754
57 271
780 356
16 218
37 542
948 167
280 598
93 178
510 565
593 579
317 606
426 206
130 181
34 747
866 277
762 697
729 410
731 35
902 301
347 395
997 696
601 204
799 764
757 963
739 187
369 949
676 710
844 154
757 212
498 253
65 360
804 8
79 458
84 556
301 720
841 35
371 72
852 561
755 285
960 472
487 931
80 584
746 617
573 94
837 454
255 317
780 828
298 699
78 8
625 870
543 548
276 235
586 719
60 662
434 969
838 39
549 533
515 583
283 520
359 656
916 602
877 947
55 600
563 745
390 245
488 135
847 870
875 363
918 793
581 662
605 88
198 971
561 475
70 399
871 429
228 368
217 849
442 561
310 307
942 475
331 630
549 640
436 223
897 127
63 28
450 640
159 241
768 666
12 658
345 66
503 906
317 348
921 977
856 676
668 791
905 179
715 545
69 435
164 289
214 267
719 482
755 777
739 608
829 541
182 18
968 54
836 160
908 911
727 42
516 823
950 973
437 228
156 981
896 983
228 159
865 685
951 977
679 465
488 699
898 60
716 974
781 957
255 341
354 963
498 326
754 440
13 853
592 481
740 552
855 327
826 309
626 893
874 557
669 813
837 802
608 177
8 677
868 392
314 17
758 865
362 365
187 670
896 553
423 50
117 909
605 817
532 862
651 477
922 564
465 207
707 490
883 204
611 30
382 978
565 802
808 62
868 108
878 199
696 706
712 571
150 322
912 576
47 703
142 672
985 489
761 151
865 877
22 951
146 480
483 280
875 618
498 945
229 406
498 408
657 12
698 675
942 17
539 413
956 399
485 661
729 578
193 455
5 72
322 513
615 519
823 598
486 637
95 787
846 337
233 962
378 62
826 260
726 433
267 555
484 770
91 661
783 194
416 496
778 100
874 520
106 476
392 24
225 685
725 645
741 286
885 656
422 406
729 96
709 567
456 109
553 312
865 165
59 627
551 892
611 304
26 127
897 969
363 620
187 515
672 411
449 259
863 868
976 291
909 281
407 240
438 550
163 393
729 152
84 652
228 684
753 149
476 377
690 598
864 300
217 751
917 275
292 174
160 947
781 220
553 207
354 102
875 117
537 430
675 253
255 591
339 30
950 158
430 637
575 811
962 742
500 2
997 820
279 632
926 894
878 659
202 264
525 206
34 735
359 307
240 800
669 278
385 452
818 354
656 841
640 7
249 17
225 877
751 420
297 260
233 344
804 730
554 538
243 638
993 352
55 845
953 218
472 377
241 166
462 29
659 850
892 870
404 183
628 14
669 252
778 335
731 369
898 795
437 136
896 905
190 606
502 63
268 51
307 342
450 600
23 651
716 492
578 737
952 401
452 638
753 580
33 342
507 919
168 689
484 814
272 925
387 245
267 443
497 655
502 423
255 860
786 748
731 592
643 180
44 371
741 537
816 552
46 794
476 319
361 444
769 935
975 679
765 967
604 380
112 681
547 964
672 833
458 139
833 819
868 62
891 410
763 36
823 415
916 68
683 101
953 532
989 478
920 501
927 49
730 879
308 495
485 76
520 680
288 1000
883 455
400 403
498 343
703 772
365 266
675 182
444 511
68 299
944 480
293 821
214 29
16 792
696 297
617 372
682 114
654 909
364 647
795 337
549 69
737 192
828 475
768 202
593 411
173 123
672 434
776 100
260 257
803 458
1000 637
22 880
806 955
521 249
238 161
95 206
787 597
375 663
668 660
904 106
878 853
79 896
572 75
323 947
943 511
22 173
237 240
904 40
822 824
708 454
839 909
985 340
217 711
450 791
140 702
880 667
310 254
650 670
628 912
642 160
516 751
591 166
218 431
879 745
573 180
96 919
275 492
199 567
672 753
214 775
803 118
365 501
924 402
574 647
887 222
129 329
74 97
689 684
902 176
980 55
190 579
362 26
574 168
326 352
205 521
632 854
980 620
749 350
367 467
961 197
479 858
840 549
700 588
837 206
747 131
939 937
370 124
915 600
960 500
381 305
175 315
127 858
778 941
155 915
52 868
672 457
213 508
228 299
868 627
928 793
781 948
999 131
918 389
975 71
866 40
322 143
490 709
14 743
685 748
521 260
485 163
503 743
884 488
740 446
657 584
761 111
173 524
735 971
293 270
928 947
326 566
97 676
173 689
164 761
359 745
948 789
141 673
24 994
560 460
112 818
693 406
22 312
961 110
559 995
231 824
739 384
867 195
375 730
527 528
715 220
910 93
43 270
878 167
53 799
64 246
787 670
673 742
484 304
580 295
404 638
427 692
175 670
801 931
58 633
505 878
446 571
861 601
95 795
763 131
767 914
664 441
262 84
980 472
813 238
417 88
796 421
812 297
243 479
42 658
506 720
733 565
328 89
214 575
12 961
917 571
927 111
871 685
208 673
797 598
422 576
87 472
368 567
885 760
53 710
288 862
761 90
635 685
285 920
711 146
762 672
871 94
783 735
883 978
255 293
898 507
642 853
164 518
365 241
618 63
217 215
795 955
40 674
300 151
923 33
763 247
783 197
783 717
975 741
753 964
207 994
592 9
714 838
317 312
133 220
505 310
377 19
955 207
165 782
496 818
953 712
82 43
509 235
675 551
147 124
402 565
212 945
339 563
487 148
808 3
828 655
713 280
93 837
261 248
866 897
367 522
186 147
275 539
530 219
487 524
351 33
378 108
442 642
827 39
883 761
838 902
951 564
518 218
91 7
412 431
593 6
629 930
765 415
729 971
643 595
874 967
190 960
667 278
998 168
457 520
992 640
968 324
985 923
922 290
325 15
402 969
535 296
828 637
804 702
918 252
574 377
755 661
248 685
497 330
295 639
997 11
509 117
422 470
434 984
79 917
12 745
238 352
896 222
615 606
66 443
934 322
560 797
353 28
959 116
512 451
669 992
751 947
79 209
261 61
4 716
150 576
939 594
562 614
65 679
602 745
695 569
911 265
101 663
387 568
958 31
194 708
861 343
592 30
560 127
75 83
761 108
822 360
705 175
575 18
330 381
267 123
273 555
624 388
780 466
875 192
997 434
435 241
22 442
915 315
173 845
51 443
900 561
255 882
250 465
527 470
921 664
664 969
846 329
523 564
113 881
409 856
733 497
26 933
918 778
706 638
586 560
572 474
771 329
968 441
651 553
762 604
225 301
731 817
191 48
171 335
711 148
881 638
648 914
230 389
455 744
276 490
115 667
105 790
46 652
259 307
81 270
408 710
776 311
561 282
703 1000
187 397
782 978
429 24
271 475
232 782
805 290
13 260
394 271
318 854
937 29
74 658
138 720
677 415
753 915
865 934
498 39
364 843
721 838
160 192
465 425
922 925
98 710
628 666
121 617
217 937
40 346
826 434
824 321
269 184
169 229
500 482
924 314
910 345
753 870
732 412
758 456
1 981
622 892
949 912
882 475
269 564
58 879
681 912
492 374
935 723
746 403
725 897
805 470
283 900
771 693
960 407
151 946
214 203
611 590
484 452
518 912
163 776
932 264
525 108
392 15
47 125
643 974
52 450
893 907
390 903
394 725
213 634
142 630
844 376
58 463
484 886
951 770
597 209
883 469
733 749
145 770
631 330
647 941
639 638
731 64
755 832
422 533
165 151
469 206
92 906
87 581
283 62
467 629
887 906
325 914
455 969
737 145
872 258
928 98
943 747
884 602
190 993
558 703
540 383
752 563
488 265
21 607
165 999
767 616
335 139
787 677
180 562
685 897
925 984
49 138
92 596
449 868
671 583
633 821
31 970
404 835
171 723
469 761
212 612
878 932
871 317
711 207
647 406
198 977
891 638
697 373
339 271
4 190
361 237
830 17
123 817
791 994
326 375
92 544
641 26
69 477
861 397
438 546
935 519
373 475
408 42
927 773
84 973
640 903
651 166
641 546
781 590
182 162
325 224
693 484
705 930
979 270
168 444
87 720
569 468
279 207
299 869
783 545
958 802
213 45
63 637
672 461
714 84
458 230
168 742
989 893
640 504
672 418
695 578
367 219
904 17
961 981
95 277
728 527
857 914
9 919
914 423
449 240
371 708
193 615
643 334
498 816
450 667
377 475
812 312
927 628
838 80
883 485
370 799
672 848
926 258
188 503
589 507
651 759
414 921
294 95
816 564
726 744
498 284
23 669
448 815
140 403
289 529
695 524
128 964
134 177
160 15
407 717
47 738
254 567
516 87
991 425
915 646
955 51
104 335
816 846
916 935
149 311
204 152
155 607
253 232
771 206
27 389
645 593
384 359
85 681
465 994
830 186
69 923
180 900
645 151
364 918
471 130
184 841
347 999
747 692
889 584
587 638
741 76
294 135
46 454
824 770
422 211
700 581
74 619
493 641
486 206
721 964
515 360
107 684
113 99
347 73
504 287
711 35
605 774
65 527
136 970
93 571
250 111
682 915
158 463
645 7
164 715
417 534
735 288
882 342
392 376
466 462
959 140
125 537
950 576
229 63
848 51
562 688
692 778
816 417
187 778
570 335
180 937
184 603
153 451
438 858
946 396
32 501
275 969
467 134
201 253
762 750
987 592
115 978
733 141
385 609
108 543
866 304
728 912
122 69
566 258
678 552
801 982
558 121
165 2
770 996
523 101
390 580
613 992
827 148
20 50
951 382
899 17
631 616
388 71
468 983
118 904
334 995
364 518
985 280
626 413
326 745
199 699
683 530
572 325
190 232
726 847
866 478
52 1
188 475
405 460
245 265
796 338
4 405
46 709
753 868
108 947
783 336
109 401
347 382
322 966
37 171
956 507
277 126
384 434
924 428
275 335
69 815
905 392
451 964
657 603
732 484
201 507
863 301
936 72
69 395
769 941
729 723
466 330
970 501
36 994
457 809
838 329
93 241
492 992
132 343
97 224
812 727
700 175
985 38
332 405
934 371
741 379
4 143
757 540
629 937
149 839
843 460
500 632
769 480
374 931
269 898
975 35
371 589
524 602
221 348
818 98
920 634
725 650
564 352
809 909
706 183
452 630
863 167
980 403
685 906
830 721
631 920
394 458
885 90
976 724
712 15
492 846
275 235
418 860
859 641
163 930
702 208
472 94
322 71
201 976
916 870
683 84
57 119
829 202
218 743
700 194
234 454
59 426
712 145
286 55
716 241
553 131
503 354
558 604
311 106
407 504
700 984
4 18
679 833
116 70
370 204
785 232
158 536
872 200
384 610
487 800
297 954
572 594
289 770
951 862
326 706
512 575
774 440
866 357
687 62
474 911
459 35
216 646
659 644
448 522
804 979
733 239
528 101
57 934
339 104
35 239
52 676
269 49
643 165
488 841
289 874
596 305
884 41
509 756
32 820
946 91
959 769
106 788
755 918
223 649
144 33
87 418
9 234
386 235
702 242
118 155
146 870
524 25
248 604
578 666
612 877
38 608
944 151
205 113
746 840
68 770
850 530
272 941
535 128
913 493
888 372
416 211
398 618
708 662
648 379
972 72
627 667
844 993
355 575
129 536
384 793
503 640
4 99
228 835
534 548
73 584
717 957
400 564
193 166
512 139
895 178
660 584
989 35
70 90
379 359
566 742
64 327
65 976
59 240
302 162
787 415
483 850
998 117
705 60
127 105
678 91
125 407
935 565
665 61
262 93
776 764
753 388
848 779
302 547
816 798
765 623
628 820
303 655
531 139
579 773
916 227
311 627
399 219
714 858
234 633
898 509
830 194
112 128
793 773
485 455
487 543
171 230
160 850
885 974
20 661
134 408
808 189
728 293
720 25
823 472
438 947
397 550
894 620
37 617
313 835
765 698
771 488
64 292
746 69
593 499
915 641
255 785
71 947
698 54
480 814
175 919
692 356
613 178
639 854
702 658
587 309
840 60
160 880
456 402
657 425
962 93
267 660
163 985
2 396
989 131
955 396
928 453
412 144
56 982
140 882
385 800
561 183
535 45
574 135
527 748
712 242
762 172
80 441
22 764
531 35
284 677
79 295
843 468
980 628
424 695
223 96
53 919
319 135
300 434
649 561
81 835
258 307
939 731
294 356
728 443
125 175
313 876
686 823
322 528
428 963
335 50
822 932
64 836
245 607
657 97
692 905
351 789
935 925
434 107
690 930
641 98
813 926
970 192
354 35
678 304
716 836
959 133
641 567
90 957
579 76
928 39
31 314
831 671
182 278
643 320
594 661
719 877
906 819
165 170
169 280
32 298
880 800
489 609
56 304
910 227
518 246
194 548
13 258
316 131
702 1000
199 717
42 567
261 507
338 415
326 790
154 678
875 909
459 802
149 542
583 567
521 43
12 635
868 522
118 373
624 764
766 630
769 536
308 777
397 204
367 339
707 478
736 734
57 133
704 820
808 219
384 447
878 210
236 169
134 480
41 912
586 489
570 804
664 53
355 650
103 686
881 524
959 675
514 3
492 732
915 823
238 314
928 401
762 920
935 208
753 831
692 850
891 662
339 598
434 849
746 935
905 699
642 199
87 610
12 49
736 31
587 601
72 7
675 28
645 62
484 359
92 808
275 459
302 967
485 707
997 500
762 492
450 359
250 737
159 244
608 807
693 655
92 49
657 497
777 1
122 378
942 219
57 978
816 56
837 101
574 966
771 504
811 628
437 941
816 784
515 658
829 666
926 98
851 630
120 90
419 901
891 482
337 204
789 511
861 389
252 14
801 885
521 912
989 500
660 407
914 779
635 58
886 415
187 86
982 240
332 628
532 282
552 60
464 683
80 369
395 189
564 85
906 282
585 462
464 375
247 462
816 837
217 594
729 346
694 978
390 398
885 634
402 571
213 123
606 143
525 97
448 719
243 719
924 309
826 231
14 174
91 440
636 316
659 773
768 974
875 196
840 13
918 786
496 577
871 444
990 545
142 550
825 66
758 654
912 372
732 61
936 754
442 562
261 121
483 90
874 461
692 519
715 105
120 288
196 663
732 874
449 195
668 874
10 945
999 339
405 406
163 262
81 682
726 600
288 293
427 521
728 585
504 602
865 289
794 266
929 488
727 617
566 48
544 14
474 895
386 617
778 817
898 561
203 513
438 961
679 937
804 955
161 638
367 696
395 995
755 525
73 947
427 793
866 257
577 407
812 957
961 68
754 357
186 8
696 389
593 849
47 68
890 207
215 86
80 463
467 264
261 305
857 742
851 204
652 33
824 900
503 132
747 648
330 914
365 277
367 69
492 477
203 466
922 345
277 323
134 756
398 283
351 709
277 139
585 629
875 868
448 161
740 43
957 454
895 251
935 634
436 90
669 697
386 901
525 83
353 616
823 562
952 224
546 724
154 945
998 598
198 933
525 557
721 824
439 807
385 647
910 713
816 681
701 322
173 397
85 793
248 141
95 380
144 963
476 907
914 542
172 861
136 876
483 293
360 19
847 160
639 517
793 240
682 743
961 237
798 400
902 475
279 862
62 835
21 979
313 727
695 706
225 186
631 978
759 519
297 89
898 251
558 684
225 618
34 815
386 167
146 266
826 678
214 426
478 751
591 185
707 911
633 504
759 493
123 370
744 833
621 183
753 768
203 237
881 89
780 530
472 870
891 145
521 51
168 161
757 646
422 283
232 862
883 334
539 2
387 86
255 443
864 191
93 810
574 172
673 290
463 278
419 341
781 824
434 854
906 507
547 592
914 802
681 423
430 709
438 956
208 839
842 426
757 151
398 646
509 519
988 401
125 184
762 177
660 506
729 918
145 224
585 600
226 710
464 545
246 655
780 853
142 652
987 159
410 326
926 705
283 576
49 623
695 630
277 744
817 280
467 681
862 945
372 945
885 195
767 873
70 952
924 376
103 779
250 265
712 594
187 738
205 683
531 982
97 962
635 665
664 138
904 919
74 933
736 668
144 31
673 72
280 821
119 470
191 499
740 743
208 369
798 282
665 810
665 556
236 957
806 69
292 500
272 278
365 540
284 793
422 30
817 380
58 212
552 656
871 636
809 305
128 381
829 172
735 897
235 143
464 601
836 788
507 460
917 320
302 481
751 957
243 316
5 620
218 790
113 77
456 832
885 433
275 577
84 376
840 995
992 281
959 17
968 373
111 105
87 335
721 167
288 475
436 417
647 28
20 772
987 29
494 496
960 415
588 291
434 2
869 621
294 144
625 707
856 54
459 709
95 554
931 638
228 333
606 854
846 17
477 334
373 553
44 147
736 227
29 784
932 224
22 56
110 132
949 748
894 864
892 684
882 143
873 337
853 963
276 304
557 434
806 343
384 224
400 778
495 916
178 240
816 156
491 94
702 401
3 181
277 644
585 530
150 341
193 547
129 717
252 775
353 845
387 587
201 444
496 207
187 894
620 413
635 286
968 20
971 486
765 388
44 91
141 802
427 721
939 518
703 562
20 357
316 206
262 31
9 405
295 577
139 293
464 318
200 172
392 677
100 541
939 88
467 616
218 342
409 961
630 307
250 862
113 616
989 153
128 248
918 640
191 552
186 709
794 730
885 35
601 352
494 303
628 126
377 598
725 133
364 99
190 36
922 442
804 886
452 909
422 281
568 790
855 519
459 84
668 69
115 964
884 774
997 493
381 867
76 814
408 211
803 73
382 790
542 440
728 218
308 446
611 942
697 265
727 431
827 824
464 534
249 376
600 734
169 977
59 169
98 124
707 285
360 246
989 386
279 85
213 340
208 930
632 821
294 249
763 395
675 608
150 244
74 463
286 356
943 228
852 224
75 835
613 175
871 876
175 202
163 553
635 967
355 522
252 634
476 1
47 961
705 694
816 381
828 843
182 317
756 608
989 89
261 821
230 192
863 650
385 402
255 346
392 286
385 281
295 218
725 893
479 776
221 260
184 974
295 775
997 537
816 182
456 628
494 75
254 519
13 483
150 161
812 127
494 808
457 236
976 969
229 528
146 66
926 301
908 485
573 41
121 979
495 752
685 151
997 516
675 996
201 550
635 352
78 424
11 976
432 428
238 798
459 835
238 902
358 402
173 490
877 556
252 674
296 266
112 952
873 110
948 333
526 682
601 15
504 907
459 952
758 500
806 231
585 550
300 199
237 31
363 331
679 869
407 760
97 80
844 107
675 149
881 18
361 903
726 542
299 101
485 726
855 143
79 921
729 167
101 779
739 448
509 500
145 978
514 230
215 98
514 947
80 282
784 183
13 981
703 846
286 72
459 874
186 372
756 100
759 596
624 314
95 675
987 213
651 197
517 110
735 66
672 665
444 50
198 663
53 684
130 504
752 484
707 63
274 270
510 236
26 42
890 111
640 319
347 125
428 136
289 969
578 475
197 647
322 75
156 677
568 981
404 632
593 354
245 689
331 724
956 328
918 452
890 889
803 884
359 28
739 388
956 562
463 413
469 162
640 774
558 76
483 892
485 673
247 179
185 720
868 977
625 760
610 80
308 863
686 297
948 819
626 994
378 244
437 950
469 14
958 549
63 315
803 697
399 984
121 96
747 581
203 710
153 649
112 961
203 569
186 869
726 603
168 773
10 257
924 417
939 700
250 392
573 357
338 886
812 272
21 637
468 907
781 317
275 695
572 473
590 524
703 870
113 101
853 595
81 170
487 952
406 996
927 352
852 89
924 574
898 884
237 775
950 842
913 766
990 63
580 542
488 609
429 256
509 265
219 204
755 670
761 595
607 440
69 490
959 166
645 521
82 425
492 842
523 781
593 774
900 76
522 699
942 279
894 928
969 482
256 976
79 976
582 279
498 947
888 160
351 846
847 441
238 885
441 48
294 529
911 401
503 322
200 139
685 805
883 1000
463 415
16 329
829 927
18 204
714 145
820 925
526 183
345 979
582 886
497 794
937 760
268 18
148 536
704 36
247 397
155 594
509 812
98 764
269 432
467 609
864 309
414 518
660 100
374 641
122 653
243 841
796 660
687 627
330 145
298 720
796 162
648 766
999 802
940 800
754 290
639 29
868 90
935 984
761 509
87 301
534 608
924 247
755 883
891 246
447 242
791 463
289 684
255 616
809 257
847 430
930 239
572 267
777 770
697 396
188 458
418 674
898 871
755 949
56 176
544 658
780 412
49 185
377 742
568 327
704 84
399 537
58 334
216 389
871 324
245 99
208 481
133 506
438 834
258 842
218 434
308 671
62 933
917 182
856 982
280 833
831 684
67 799
885 578
74 616
948 454
156 315
157 668
236 264
757 873
385 617
962 583
816 522
87 782
859 519
671 435
353 466
352 709
445 6
836 488
732 869
898 787
721 116
347 593
883 165
682 219
625 179
391 933
981 658
867 782
564 772
521 500
168 930
928 632
698 25
507 563
262 94
682 405
842 51
852 389
175 571
113 19
830 272
254 327
322 556
591 129
198 979
696 246
762 381
657 297
809 954
943 71
316 593
817 481
875 603
657 569
427 629
313 677
588 867
535 618
330 850
613 252
883 104
198 585
113 472
118 257
128 882
402 983
201 206
252 481
208 600
659 500
972 200
134 715
767 821
741 192
469 926
279 660
184 478
38 676
594 957
971 305
340 54
154 30
959 590
707 713
298 540
412 882
939 21
968 468
988 96
47 80
690 108
865 367
863 133
585 784
4 108
225 858
836 51
434 244
238 860
299 472
368 763
70 89
545 181
78 555
690 373
495 914
864 312
284 516
829 486
449 313
455 688
104 800
263 326
565 131
394 604
682 206
236 124
871 923
590 341
121 996
568 19
597 146
205 688
856 472
125 923
975 589
721 212
436 138
73 388
106 907
801 806
354 882
686 640
887 595
205 297
459 417
504 239
755 99
280 691
285 29
806 131
874 145
1 61
715 954
892 722
79 778
854 619
713 995
840 292
442 340
472 561
213 565
668 840
71 772
310 954
414 678
989 360
787 59
768 833
765 326
515 397
897 608
735 219
35 240
961 838
343 342
695 621
3 579
651 80
113 300
901 15
387 251
510 51
52 717
687 680
263 101
221 588
778 940
186 821
252 309
209 38
418 646
675 997
400 641
82 293
928 810
660 83
751 115
199 329
968 531
958 199
191 958
514 88
276 517
368 326
831 323
871 242
479 646
517 61
848 889
519 127
899 30
766 941
142 931
963 553
208 145
857 601
701 609
211 788
300 860
648 778
101 646
740 609
797 175
194 25
365 305
552 182
322 680
29 923
531 666
12 785
719 264
47 148
479 252
495 322
933 536
123 699
243 198
924 377
176 833
881 897
359 983
251 800
417 607
650 923
390 501
263 709
451 619
111 710
558 392
716 661
588 483
133 808
730 443
698 158
140 528
601 320
311 805
4 806
937 401
992 218
985 892
728 468
675 733
698 85
451 211
125 649
155 785
704 793
696 575
817 676
704 726
944 754
151 923
729 686
887 321
34 595
164 124
308 401
322 183
267 236
554 882
170 885
761 982
605 893
765 230
610 565
51 820
47 263
872 270
573 84
434 973
935 429
891 140
74 462
114 323
825 583
713 549
529 460
59 612
664 207
553 18
712 131
394 692
640 777
765 26
924 965
213 271
362 348
746 555
787 957
573 430
781 632
796 150
458 617
697 925
56 54
728 626
47 955
803 16
568 477
434 576
959 641
731 31
961 806
988 984
235 98
31 151
85 734
940 141
228 682
547 338
958 319
248 107
493 270
394 455
851 366
82 483
393 845
842 3
109 257
313 62
357 344
433 252
586 720
711 58
883 56
156 931
608 350
149 506
899 950
505 669
172 100
487 982
55 30
783 849
951 53
997 388
495 702
517 708
133 634
938 540
407 689
39 278
73 84
846 734
269 282
645 735
644 532
806 216
769 114
435 489
117 983
371 788
215 66
402 506
824 336
289 814
5 264
675 571
404 15
738 415
553 745
475 938
129 600
425 661
159 738
866 752
163 805
69 606
236 577
831 322
702 521
347 554
502 605
416 26
706 290
218 167
93 847
361 982
823 511
883 8
384 145
323 407
636 540
434 143
774 342
368 141
759 982
840 892
857 77
217 853
283 706
999 699
905 555
198 9
691 403
991 596
170 473
698 182
593 333
624 600
803 275
298 242
740 349
503 454
647 452
621 530
304 207
941 553
319 33
77 646
596 401
769 124
11 802
187 495
409 920
358 327
404 438
976 788
514 400
236 212
293 717
568 876
476 860
445 619
32 700
575 39
435 202
330 477
444 83
22 897
905 305
205 543
966 271
675 436
271 833
627 717
164 21
205 603
35 680
480 947
245 69
823 867
568 392
198 842
693 986
814 342
562 501
668 457
465 845
438 600
795 838
987 499
700 41
624 565
299 882
969 61
126 148
967 520
247 470
906 373
203 897
893 352
331 681
513 89
38 82
193 911
334 192
682 912
558 671
173 583
496 305
796 138
838 836
909 396
42 337
200 941
932 17
902 254
852 800
531 25
82 36
965 12
44 7
96 567
174 662
429 703
163 925
910 39
927 289
812 356
118 513
219 162
268 490
59 51
371 210
289 792
142 674
878 663
255 979
871 467
198 258
483 331
717 278
599 270
270 454
761 355
226 8
47 378
67 845
409 165
813 522
643 964
711 835
618 186
620 35
715 350
888 363
641 867
679 251
90 658
728 681
949 342
433 737
689 835
758 644
813 61
390 181
784 722
627 166
682 435
906 343
223 653
78 212
188 970
258 371
705 794
59 545
386 620
891 834
857 166
277 921
467 268
155 256
351 679
928 468
611 324
380 708
575 603
740 266
883 1
210 969
173 300
448 236
833 25
125 339
130 595
784 964
535 632
968 179
931 919
812 411
480 808
753 556
622 206
187 786
371 133
149 249
613 389
92 467
364 744
358 974
608 166
784 421
190 786
873 794
233 43
820 460
417 425
729 68
996 925
516 19
852 244
168 947
104 314
279 130
184 319
395 673
944 320
60 36
138 246
364 367
505 887
891 640
129 640
780 529
781 70
487 551
100 986
783 323
655 239
199 80
993 607
349 475
719 96
67 314
798 266
64 50
993 110
37 15
498 340
79 472
102 76
879 945
891 721
146 653
692 256
222 42
52 790
93 160
215 327
690 750
515 691
223 800
32 787
298 303
476 603
668 283
421 788
84 932
810 938
704 168
284 874
147 224
363 585
289 199
203 932
672 451
227 124
987 826
871 249
785 11
925 333
942 123
657 934
770 681
267 842
570 688
962 304
298 397
702 815
229 2
755 573
645 808
865 968
683 82
944 148
975 175
763 744
928 730
363 952
915 330
831 559
81 986
911 642
432 123
869 380
144 775
82 86
904 594
46 75
156 147
659 359
908 102
654 132
889 94
287 603
830 295
393 661
110 750
744 470
757 522
16 131
938 473
792 540
416 681
851 604
391 574
725 113
156 264
313 124
386 737
229 854
122 453
725 364
493 527
795 540
113 785
155 48
686 907
767 639
292 148
145 677
934 860
904 353
233 187
400 480
474 182
170 835
350 556
155 324
861 176
11 691
391 477
48 790
325 799
225 984
210 423
163 408
117 499
711 764
573 155
197 720
796 82
659 211
479 303
704 551
46 526
797 930
84 340
934 825
267 988
695 281
268 850
381 323
767 695
514 51
803 830
615 160
228 598
420 389
704 241
588 720
539 921
429 181
355 843
39 581
308 590
193 663
351 82
447 145
121 743
55 821
103 407
695 510
9 808
386 405
330 236
343 99
712 673
347 602
899 966
141 401
594 533
588 312
485 742
895 242
47 649
973 54
871 702
47 119
936 788
1 357
384 155
588 788
411 710
568 902
479 200
94 600
613 260
959 75
299 220
538 90
615 93
787 694
564 166
876 107
117 788
985 632
554 559
306 598
823 912
667 132
408 633
416 693
120 804
478 356
34 810
966 411
197 21
381 814
904 237
433 930
739 89
465 892
394 949
154 790
505 31
199 334
376 251
963 748
153 304
916 628
74 238
209 589
520 342
198 281
959 854
478 24
716 107
580 358
693 451
972 628
936 599
257 802
626 312
520 444
117 620
365 169
125 605
139 470
642 724
953 913
965 583
746 662
433 743
836 524
586 53
452 378
975 931
564 189
765 38
316 483
796 599
23 470
923 662
16 379
701 969
38 658
332 345
5 258
798 441
139 807
294 648
890 491
23 118
117 858
394 74
49 868
678 402
96 933
816 523
475 870
231 49
456 286
430 542
480 709
171 420
140 182
688 799
738 45
26 413
165 38
457 842
145 948
624 6
95 806
613 44
483 152
174 974
898 788
65 910
784 468
934 911
799 886
784 76
384 336
77 425
960 126
487 371
44 718
819 710
392 402
767 488
706 708
258 602
149 814
898 565
164 886
970 28
325 404
697 559
874 100
285 612
13 156
97 167
1 309
248 933
733 575
80 264
339 402
895 85
193 72
424 130
409 247
677 33
154 348
801 310
326 748
369 17
471 33
804 764
725 945
303 18
939 614
59 38
125 964
902 1000
325 478
385 223
962 662
467 373
917 870
568 307
597 964
255 110
806 339
116 648
178 710
505 689
416 30
416 332
702 355
169 519
414 451
910 521
518 974
479 314
223 882
134 984
106 892
353 906
34 310
64 376
913 121
328 51
145 206
842 271
82 506
657 643
960 889
153 165
387 181
759 694
753 378
103 632
873 589
809 475
477 192
836 359
265 403
895 291
483 210
706 411
750 870
771 688
155 396
735 633
639 329
255 955
332 925
5 329
856 6
334 788
878 163
659 675
846 540
547 466
330 901
672 727
436 941
297 877
69 973
757 979
701 764
27 637
878 345
783 370
63 708
140 151
385 738
484 169
145 952
21 889
803 917
607 183
923 718
106 406
397 377
497 93
739 266
267 230
530 242
57 91
173 401
184 540
878 120
971 443
540 342
960 814
553 490
284 630
944 510
972 633
687 235
825 466
757 380
380 661
586 345
367 507
257 670
588 30
49 764
931 886
731 379
894 605
797 743
687 452
53 323
277 49
496 839
52 977
751 504
441 634
269 482
779 662
700 684
593 812
516 276
700 606
961 741
516 545
888 304
42 543
493 970
122 153
776 185
687 933
946 130
285 189
387 305
466 313
632 376
768 257
728 222
693 673
573 956
46 609
313 80
182 183
68 136
400 126
12 219
213 382
213 35
328 853
581 105
650 734
754 706
67 777
46 864
261 654
888 993
387 809
714 352
227 75
19 821
562 224
526 584
899 596
368 907
426 607
613 89
365 239
24 501
15 948
131 800
79 642
911 860
462 880
81 689
940 239
13 706
394 129
776 251
891 654
41 802
476 229
271 846
781 933
390 417
529 223
926 295
844 627
364 76
958 873
660 281
34 593
497 869
63 995
695 581
186 145
568 536
393 663
826 64
859 480
113 666
178 584
4 922
468 603
32 393
865 56
459 333
449 220
128 962
323 366
827 268
769 610
783 316
119 980
493 336
251 83
153 879
917 62
655 720
906 923
633 242
243 81
531 242
1 810
316 226
20 331
156 434
895 745
657 467
360 620
395 626
706 653
241 312
47 375
939 272
917 59
500 100
88 931
456 784
967 602
495 141
631 542
362 256
840 738
289 203
1000 314
751 26
191 132
407 699
92 954
985 68
917 417
928 475
367 324
358 182
129 313
520 290
590 744
284 501
890 244
992 245
806 799
247 995
575 837
781 961
901 893
172 481
471 957
310 160
156 849
728 643
366 324
714 537
144 506
752 454
883 498
804 476
485 732
856 315
747 652
326 500
844 801
288 833
136 805
604 420
890 868
78 290
863 421
339 742
93 433
392 242
757 616
269 365
716 596
636 527
378 709
998 674
165 343
190 330
5 771
108 581
58 877
884 371
605 778
761 222
186 855
129 889
505 139
118 899
787 523
407 800
328 369
95 433
464 639
182 656
505 250
202 189
33 548
267 323
972 624
107 907
692 109
918 139
238 343
675 936
636 709
433 658
916 121
97 947
313 556
977 411
451 616
964 684
956 674
618 72
988 522
714 153
221 689
749 393
332 627
450 984
785 699
959 177
512 536
768 105
736 954
419 852
364 547
848 212
56 979
316 548
3 543
16 754
89 986
856 652
146 948
792 280
32 692
729 477
903 101
449 794
908 697
375 333
211 982
222 632
194 443
625 462
709 244
922 184
522 655
716 696
729 662
119 204
209 320
665 299
732 855
170 584
865 531
302 582
827 442
587 994
713 3
258 947
423 320
486 101
736 478
797 121
138 28
298 897
296 996
719 382
905 850
70 850
752 129
645 224
944 846
292 135
232 932
924 316
332 301
471 619
701 144
579 606
759 374
729 29
294 633
49 175
483 435
274 203
20 400
109 111
384 471
410 680
59 931
870 772
76 802
385 840
34 214
106 723
895 158
241 819
283 304
379 727
252 655
964 350
400 650
141 51
173 737
620 324
456 91
20 14
864 454
361 533
150 454
651 292
234 779
484 782
121 499
303 143
328 61
164 836
493 312
142 602
597 838
765 139
893 744
514 901
439 106
469 395
262 847
792 880
153 817
124 420
558 349
216 914
93 652
914 536
47 599
929 42
475 530
900 619
113 207
829 632
395 710
554 105
781 323
850 389
428 468
306 280
358 508
496 434
783 72
201 870
109 239
95 770
34 146
47 965
222 674
669 904
387 693
59 20
735 508
447 819
622 808
695 451
316 895
256 399
758 923
442 905
917 73
611 609
526 82
688 748
526 618
186 652
859 357
153 708
588 862
786 995
514 797
532 25
5 774
5 858
184 800
119 886
205 455
150 998
685 751
282 19
899 664
952 821
697 825
69 41
243 984
896 734
894 11
469 524
57 440
98 677
693 895
251 658
20 414
494 719
354 115
171 631
40 134
384 871
146 654
292 712
144 994
228 542
106 964
904 602
731 235
262 777
852 220
375 476
458 86
605 937
480 748
46 218
47 31
255 165
488 933
840 199
238 729
92 481
247 373
448 951
164 105
317 511
34 817
804 319
529 461
478 879
240 291
272 846
399 110
404 213
827 229
589 406
738 650
812 266
866 711
978 28
534 286
725 798
223 602
817 1000
298 922
429 789
304 55
739 517
321 598
37 816
437 890
726 301
268 945
779 383
724 341
167 584
140 837
927 182
502 119
449 45
935 741
866 955
325 554
526 941
871 121
413 945
668 701
263 993
221 675
340 511
887 521
275 264
420 7
110 821
554 674
761 404
903 567
76 343
690 543
592 876
262 593
70 642
979 964
973 533
193 627
64 453
274 808
526 291
537 650
741 964
272 550
865 88
217 359
855 623
279 559
29 513
797 788
521 790
844 561
138 730
280 540
998 303
825 136
58 158
98 986
163 166
32 497
436 283
591 343
610 61
255 45
427 622
696 528
917 124
214 940
762 289
878 526
640 53
429 633
645 522
247 604
9 282
560 615
345 307
816 401
263 507
159 834
365 893
910 930
469 500
665 174
705 177
64 270
865 497
959 118
391 343
707 338
248 179
113 193
776 9
587 38
573 195
939 257
416 856
22 576
792 29
528 389
253 907
796 488
697 910
292 178
636 176
146 696
213 810
939 586
703 41
32 446
822 220
636 12
953 100
505 691
725 862
171 352
692 17
610 60
697 824
604 663
999 158
791 131
828 536
904 307
831 512
971 955
478 429
715 476
959 562
248 123
487 665
795 189
186 296
509 376
876 315
885 236
929 967
410 664
873 590
553 563
384 478
469 278
679 443
991 802
183 942
