1000 10000
911 699
293 662
615 100
181 443
636 688
391 402
334 443
464 444
588 47
821 453
565 868
194 116
229 629
803 390
952 57
243 803
256 472
647 980
387 564
512 348
481 124
894 749
363 838
729 895
445 573
697 741
190 408
545 696
253 13
436 24
496 428
23 907
713 82
234 391
179 515
871 307
811 142
280 272
909 866
651 158
283 411
470 77
26 6
991 836
139 97
152 245
62 757
880 689
434 69
572 303
61 930
707 26
574 603
990 146
865 31
902 185
469 217
393 861
548 906
468 441
338 65
747 213
497 538
886 394
653 437
475 623
579 203
545 368
4 391
725 778
395 976
861 940
791 714
973 737
215 796
876 343
753 149
876 891
336 680
733 483
725 533
607 777
713 703
180 65
67 990
43 131
452 531
163 519
137 170
148 543
538 816
905 315
895 421
178 966
550 21
97 608
56 244
456 562
387 425
19 201
309 72
513 760
550 637
277 665
464 841
180 685
531 628
617 169
23 387
938 888
844 61
785 94
243 403
114 241
846 327
40 461
297 372
620 470
672 822
426 19
16 122
291 609
623 239
720 660
151 701
229 276
777 602
949 406
451 811
62 208
678 599
569 52
123 447
954 517
813 887
194 875
478 271
705 132
36 623
83 881
431 996
428 984
345 486
339 233
97 116
296 74
897 1
444 779
560 199
117 927
227 262
575 327
549 873
861 511
71 471
661 590
353 741
164 264
368 824
846 836
18 648
813 892
143 824
484 714
210 717
87 562
554 441
452 464
397 878
16 582
765 532
950 724
362 422
785 631
198 536
248 250
203 784
85 513
148 217
94 343
690 700
452 883
864 121
726 709
124 705
462 976
298 639
192 527
609 161
733 1
999 760
998 913
338 343
469 352
22 562
267 508
321 773
243 796
478 827
202 995
240 236
551 304
71 674
113 780
965 527
772 515
708 455
627 526
374 11
208 289
697 149
867 330
172 508
252 110
807 219
840 838
782 874
715 613
394 438
786 113
233 739
492 393
229 624
117 446
325 264
687 926
68 996
114 725
426 785
818 400
735 216
686 903
746 39
225 601
302 369
973 356
177 694
946 602
430 534
300 136
839 460
860 549
529 203
218 850
261 265
139 211
72 703
912 260
635 601
205 682
980 465
468 726
205 751
350 847
179 671
964 571
180 414
445 832
566 526
864 41
202 721
80 336
804 701
337 830
808 917
468 366
786 370
452 443
539 421
117 242
742 670
30 541
847 673
337 126
120 804
657 710
534 774
822 783
137 897
11 718
283 406
918 770
681 68
373 709
482 529
42 710
803 601
373 792
740 406
655 475
997 887
912 684
515 674
497 868
20 850
894 195
121 454
883 724
933 449
530 28
380 391
781 204
497 449
281 790
123 759
253 321
520 869
581 553
782 293
369 919
646 59
691 827
668 774
896 963
776 628
115 673
537 763
687 268
786 678
135 262
432 956
872 886
103 318
261 940
70 359
560 743
622 8
300 9
274 66
662 830
503 620
368 586
315 313
469 306
347 985
973 257
526 890
120 338
720 531
419 539
603 710
160 868
675 368
338 216
484 382
613 678
711 510
401 83
285 332
537 446
750 787
625 398
249 939
865 144
932 814
177 637
240 678
400 227
117 776
453 610
343 736
566 589
258 273
152 996
395 314
590 861
443 47
776 314
35 402
513 902
278 1
730 257
257 63
297 434
190 127
681 710
67 677
634 330
999 604
148 246
573 626
941 816
206 704
283 324
655 751
469 132
102 955
341 815
558 759
886 352
80 916
635 491
803 856
797 600
688 455
339 424
804 3
323 842
783 695
364 296
730 12
207 626
366 549
375 632
200 606
218 351
317 697
160 884
721 167
110 824
537 961
565 358
97 966
879 272
423 12
373 146
20 717
563 226
319 219
155 349
933 225
795 159
548 969
466 490
202 936
977 608
439 457
524 638
41 436
976 55
383 390
293 142
34 370
785 517
253 438
353 193
164 550
778 759
25 137
399 384
565 21
991 789
654 590
655 359
803 663
84 960
285 68
571 307
814 132
518 516
818 832
551 511
131 741
433 427
510 221
117 755
33 562
788 355
540 635
422 980
906 683
639 737
941 710
191 937
357 726
597 127
213 659
853 306
848 777
378 644
857 352
569 323
27 674
521 570
656 59
72 658
25 88
534 515
44 810
921 162
320 158
913 843
754 751
278 222
968 262
488 858
177 969
256 696
847 249
687 135
688 997
413 163
449 254
851 110
576 913
530 181
818 354
52 775
942 540
541 568
699 558
801 394
202 949
341 657
819 303
955 757
524 596
744 800
415 348
50 819
86 276
929 4
911 904
374 877
569 220
372 7
454 237
748 752
145 14
650 929
982 48
42 661
894 554
331 980
747 708
62 232
499 608
234 586
641 498
91 259
334 932
435 251
422 479
409 800
678 962
109 176
65 626
315 709
127 82
103 630
909 365
488 501
181 507
746 993
176 702
275 352
786 510
257 305
466 59
79 433
544 958
28 992
691 794
863 564
159 396
130 295
588 840
165 778
141 3
194 924
838 592
715 60
763 303
430 582
134 498
656 559
304 312
871 779
828 51
961 111
744 627
776 235
608 891
408 269
73 483
42 22
836 289
97 517
871 29
240 77
498 927
84 719
356 700
519 935
515 873
585 874
96 870
186 312
528 997
537 574
360 708
378 890
646 830
836 564
790 763
408 562
748 266
911 158
147 972
877 880
899 330
419 709
587 683
731 263
71 183
776 544
177 953
848 29
559 483
243 360
944 198
114 289
265 799
503 377
418 397
997 536
121 984
158 601
2 568
96 751
964 456
691 400
81 84
604 914
42 844
405 674
529 699
102 260
168 667
792 890
980 65
650 881
771 158
291 672
795 902
357 293
283 614
395 349
949 61
578 924
58 59
895 660
780 440
551 101
357 725
769 976
882 759
76 837
466 431
399 540
218 893
358 250
245 882
744 443
173 203
788 880
903 673
546 328
27 737
587 678
846 589
300 449
731 494
170 885
468 815
173 784
138 233
735 588
319 65
949 843
548 888
291 634
696 752
218 996
412 342
119 997
880 862
422 438
978 21
217 743
240 98
976 204
886 397
576 271
448 340
828 523
199 623
33 238
653 914
678 491
499 869
791 475
533 393
434 90
681 931
325 332
140 222
960 128
489 162
560 252
558 306
279 63
638 604
25 620
337 407
785 552
755 931
642 404
381 227
805 20
845 568
565 87
478 495
771 442
310 910
833 406
934 240
758 448
42 510
379 490
298 409
900 567
532 962
329 207
791 572
246 109
969 245
56 312
108 250
115 678
922 460
302 244
591 116
663 996
961 220
46 368
297 50
18 396
67 716
68 494
861 66
475 751
286 770
972 63
875 890
855 827
281 552
922 525
651 100
464 126
772 753
439 997
944 377
718 54
638 456
399 291
546 825
965 233
957 441
452 916
521 140
735 111
246 128
369 219
70 984
917 644
141 347
399 752
164 380
122 865
397 479
863 584
601 149
622 958
954 917
746 342
949 678
234 906
488 402
604 852
420 26
228 874
613 760
532 474
363 975
879 804
657 222
503 610
481 653
64 432
458 891
754 762
420 28
517 751
740 393
487 802
1000 751
634 963
631 761
428 486
561 266
320 556
790 102
743 570
785 47
187 931
45 167
410 671
464 411
299 262
351 922
922 461
905 231
179 993
782 729
908 201
908 272
508 312
609 854
620 456
344 757
464 815
186 923
30 585
488 587
910 838
419 501
953 709
297 172
820 111
520 77
518 927
686 729
452 648
111 637
625 646
398 289
813 733
968 490
459 814
459 346
785 333
400 956
902 238
392 696
811 398
22 791
585 708
80 1
846 544
707 957
464 868
919 150
870 406
552 850
30 757
943 907
688 835
363 885
112 200
208 856
443 320
279 588
143 183
503 900
645 549
566 682
828 719
973 536
14 739
921 709
755 472
97 602
346 615
788 892
839 539
879 737
196 88
25 553
350 78
817 574
49 626
524 256
641 882
350 462
619 235
167 344
282 595
300 842
140 101
880 952
58 767
497 370
720 237
581 755
942 290
525 57
977 180
521 601
798 382
607 921
712 691
381 420
748 392
194 938
146 769
259 680
282 396
23 693
163 659
114 518
588 739
648 789
461 204
170 174
223 219
172 632
943 610
624 812
765 718
279 84
935 783
348 51
42 518
644 66
311 695
879 978
550 956
169 188
807 890
999 891
651 970
578 873
42 748
637 535
715 65
351 2
519 46
948 611
258 726
121 60
884 250
981 373
307 875
102 355
573 606
514 764
487 90
120 776
551 427
745 861
725 978
782 163
903 231
866 455
200 504
373 150
69 105
124 135
944 483
708 696
22 501
326 342
748 812
150 498
203 48
871 970
73 228
326 129
923 498
281 371
985 211
650 802
841 684
596 989
924 913
924 210
104 101
25 29
589 699
1000 327
593 728
533 792
803 637
614 100
576 386
644 502
758 954
911 540
325 351
853 986
304 245
943 407
712 472
997 271
72 386
179 327
331 66
356 716
258 873
877 544
394 628
45 967
928 992
842 8
282 675
823 535
85 315
650 66
563 379
246 428
115 839
480 623
537 398
690 391
782 974
537 378
880 539
68 411
812 342
150 185
665 972
847 501
34 919
238 741
461 958
194 395
522 556
550 540
454 836
886 38
690 897
64 875
522 502
223 417
43 902
432 469
175 633
904 482
23 752
836 268
64 368
268 424
670 993
291 267
205 246
315 130
307 447
802 633
525 549
6 266
309 978
148 975
250 916
953 348
722 527
871 313
175 605
468 531
10 210
117 696
356 538
80 66
928 158
95 789
2 272
67 845
563 717
847 386
636 372
681 125
925 93
395 316
414 444
580 123
152 495
524 572
476 54
323 105
858 235
341 80
497 963
862 878
20 604
756 82
362 34
123 963
756 128
954 937
747 818
394 761
725 188
520 529
196 188
181 594
140 563
120 375
203 128
485 671
677 743
793 568
617 198
751 752
577 984
452 94
235 729
581 942
382 262
127 908
876 680
732 391
200 7
442 789
49 479
64 917
409 745
847 450
883 348
583 388
386 262
817 673
900 237
96 280
299 306
566 661
590 766
907 471
220 966
75 383
25 734
196 988
103 892
706 678
926 406
527 406
810 759
786 512
708 938
225 789
139 134
692 287
670 251
607 844
198 220
10 188
958 388
648 2
439 129
154 21
590 290
277 227
621 696
547 891
528 239
3 90
966 662
288 658
665 938
346 498
257 667
544 993
910 536
650 259
503 136
959 717
872 352
493 471
750 162
70 364
182 606
954 901
453 541
765 525
560 119
335 119
393 834
794 78
389 401
438 17
291 66
561 510
817 385
650 354
674 427
186 9
355 5
375 946
675 839
146 515
496 588
742 66
870 171
378 207
247 557
793 616
250 796
56 268
485 905
995 857
75 264
806 611
433 65
734 77
471 51
647 816
969 835
148 299
155 200
23 14
540 704
582 293
79 510
828 683
135 292
335 200
198 830
509 388
805 168
20 241
300 158
140 776
805 93
979 903
822 860
633 440
333 146
34 570
721 401
146 227
278 866
147 69
544 183
360 58
763 48
342 407
965 29
18 723
255 774
646 997
150 719
257 515
207 174
639 358
729 421
155 292
544 975
292 327
638 201
22 976
45 849
161 605
492 203
853 19
103 596
408 429
169 831
20 263
400 238
154 271
1 714
787 227
12 379
850 701
124 94
723 462
688 17
11 380
399 767
636 97
426 953
883 388
551 919
796 568
600 923
356 2
822 289
210 662
153 360
37 838
354 974
168 272
841 963
551 742
8 388
337 266
797 21
649 55
639 349
772 60
620 380
145 433
56 510
364 366
886 640
819 443
248 316
489 305
958 90
77 174
112 775
295 659
977 370
884 490
56 464
354 385
206 180
123 799
276 473
789 3
212 825
179 465
271 606
551 673
126 564
453 878
148 337
754 166
250 437
477 438
902 266
362 803
806 554
947 508
900 745
200 558
833 37
68 241
872 427
798 322
644 526
797 883
910 216
811 884
292 372
202 65
235 390
225 978
118 693
335 936
282 159
503 499
519 825
236 377
638 187
636 134
901 402
777 306
792 582
984 132
462 974
376 24
245 287
945 144
489 392
416 567
458 774
532 284
408 238
452 803
957 770
48 472
608 701
703 689
912 856
75 743
899 493
485 733
813 615
608 404
400 834
922 438
775 849
307 502
762 494
880 574
893 628
432 216
194 475
383 167
795 184
837 272
460 287
299 8
1000 338
987 51
534 761
827 255
454 683
549 975
853 267
647 451
945 155
322 272
107 490
538 411
302 816
107 483
155 662
175 623
296 732
480 673
995 844
847 77
48 174
463 284
253 627
187 384
371 126
190 920
444 873
68 340
42 86
133 116
135 113
848 1
235 31
719 890
334 971
367 343
379 610
43 585
901 330
399 471
288 308
970 150
895 714
325 162
649 289
4 289
957 669
742 17
160 86
674 884
603 166
903 284
488 785
593 751
274 773
681 928
33 799
620 425
349 216
198 295
979 861
584 777
655 254
317 270
249 349
419 335
325 197
203 632
815 303
561 556
687 355
89 392
185 599
194 903
431 712
288 270
164 986
934 10
591 272
203 127
503 516
335 348
569 572
269 844
872 750
423 869
167 116
492 979
461 680
478 185
117 985
842 578
649 748
137 465
961 247
296 410
663 80
249 490
316 384
789 607
257 652
808 583
976 142
918 519
984 882
561 540
845 927
371 120
104 993
969 796
922 582
789 729
362 488
765 361
488 393
290 684
621 37
293 343
56 77
267 451
152 129
364 745
371 44
962 340
267 170
180 561
199 547
278 780
176 384
876 27
104 31
801 115
860 467
222 780
480 342
338 398
338 35
114 512
707 993
104 553
908 270
825 385
492 344
617 848
545 569
415 263
496 827
192 149
858 272
820 216
551 638
923 693
423 3
810 482
49 38
747 700
360 259
366 456
84 664
175 726
288 840
985 689
416 255
185 831
151 293
283 907
84 512
206 824
450 910
661 380
10 57
14 474
651 343
308 457
846 75
231 627
480 509
859 142
931 907
112 829
449 100
588 348
96 249
134 144
986 432
672 354
23 396
957 890
948 913
943 30
190 357
23 145
373 352
137 778
866 209
369 338
625 37
12 171
446 989
167 425
103 947
819 6
315 204
982 802
772 811
917 455
661 908
383 15
300 774
172 760
858 606
480 415
580 568
268 632
650 939
810 224
376 570
60 869
269 271
348 606
972 328
903 47
795 657
481 221
439 688
801 745
95 22
519 197
625 3
803 122
375 606
624 533
373 913
726 595
351 478
248 725
68 595
544 826
629 200
57 957
425 695
486 536
292 474
525 343
103 266
846 369
864 767
871 442
78 265
460 32
977 19
326 660
928 609
935 132
166 136
480 734
757 679
430 250
945 533
496 605
951 635
620 751
868 834
219 188
234 878
825 526
465 626
651 337
420 303
275 347
339 989
705 701
362 941
487 582
209 289
671 479
43 825
280 857
639 35
449 17
725 208
40 794
372 843
140 408
641 134
740 875
936 296
189 764
662 831
943 671
186 592
376 13
269 7
451 540
987 17
143 787
279 683
734 759
125 469
842 571
131 640
148 585
462 152
137 866
613 944
807 52
717 440
556 916
735 881
450 815
324 831
710 254
159 949
259 809
795 402
179 77
822 905
968 912
41 518
332 74
856 90
5 406
206 955
721 247
97 592
738 97
273 779
609 519
999 51
376 395
383 616
75 457
748 753
828 187
776 4
420 726
309 843
603 448
493 549
682 735
75 453
933 544
933 783
200 411
678 328
530 588
678 697
782 676
356 286
649 594
584 502
889 925
414 157
316 57
14 370
807 149
22 983
651 392
818 836
579 755
813 112
88 915
507 264
499 839
898 970
234 162
481 741
190 154
292 427
18 220
646 280
205 328
381 373
747 66
274 779
133 994
63 385
493 320
449 881
504 447
104 269
867 534
212 110
177 606
107 469
130 958
848 185
75 187
514 957
673 260
557 695
777 3
893 245
507 558
45 211
937 816
302 283
634 759
27 529
655 406
283 783
353 481
585 231
120 163
345 265
477 701
763 910
475 10
264 714
70 347
950 387
651 663
507 504
166 261
355 652
686 328
184 835
695 888
538 59
845 905
445 489
548 730
744 584
439 594
173 502
236 505
452 20
317 816
165 667
767 792
323 322
715 36
947 421
776 458
354 507
242 757
154 110
99 925
423 748
532 204
892 605
837 9
571 116
812 606
482 588
234 26
761 890
560 342
858 446
99 305
371 736
598 150
172 843
910 29
864 215
528 372
12 193
180 63
475 748
788 557
546 874
243 351
813 875
9 511
942 415
68 289
275 560
763 173
676 792
232 9
763 926
681 456
763 669
325 457
282 685
302 191
444 888
317 57
101 3
936 584
70 998
211 449
991 766
867 615
374 963
98 447
139 910
416 658
521 123
161 411
551 682
822 856
818 614
765 365
190 149
14 152
626 402
296 316
409 751
510 200
157 630
820 875
492 764
853 930
318 249
820 558
922 345
654 1
383 185
178 634
627 106
882 885
82 36
584 292
309 630
964 197
665 108
692 742
985 664
682 931
827 494
22 678
862 740
18 860
332 714
715 949
615 607
783 680
25 114
781 409
239 963
879 68
212 799
25 518
828 940
197 463
979 923
468 204
803 610
933 757
596 262
326 241
422 226
778 108
34 154
72 489
542 526
454 372
487 80
648 165
147 574
960 386
879 739
446 405
822 582
353 960
332 675
515 424
360 431
467 388
747 541
769 32
161 711
979 320
864 12
281 88
303 231
784 245
487 734
160 111
898 265
370 614
146 567
575 166
790 548
953 558
179 397
275 237
275 828
521 945
936 612
453 411
253 508
581 438
509 626
442 66
91 131
647 296
87 31
883 718
778 562
191 250
160 951
18 495
569 424
862 749
3 671
243 603
953 770
28 517
115 585
381 450
302 774
822 702
362 666
248 806
419 227
854 826
607 834
246 956
820 263
521 789
933 411
787 427
575 582
858 392
734 425
258 787
585 644
776 355
972 156
467 535
625 269
815 486
786 645
597 595
255 209
973 792
867 343
464 271
501 660
446 602
341 6
27 547
619 459
123 501
619 176
795 424
311 927
722 63
643 897
367 733
853 372
309 28
26 684
973 638
469 849
905 193
576 343
613 870
898 349
672 414
694 518
269 69
372 652
301 22
986 801
649 49
395 47
622 120
139 35
814 684
791 686
285 60
363 967
84 514
655 944
995 564
301 766
172 170
367 411
85 861
545 458
703 688
53 901
147 731
619 39
475 729
454 417
539 930
150 92
952 644
550 145
731 169
27 149
412 906
353 271
492 66
933 454
273 439
800 385
334 115
212 885
14 331
155 536
976 421
362 935
898 928
574 861
434 338
322 823
432 574
56 732
532 549
119 927
808 975
791 999
922 547
109 863
103 510
326 106
580 132
157 125
310 420
698 836
839 37
432 203
788 561
200 349
242 328
119 962
579 268
243 937
998 63
547 683
557 983
278 965
944 921
848 792
171 717
434 949
72 716
16 611
274 170
56 236
344 849
298 228
670 460
331 306
276 601
298 929
576 881
333 264
199 212
952 9
794 214
986 373
957 352
571 878
870 198
145 748
121 260
319 539
320 498
522 131
308 66
212 292
653 439
290 336
484 671
622 712
802 4
22 999
877 32
960 824
240 739
933 259
979 742
561 723
713 628
489 491
827 914
218 619
304 69
500 406
347 752
223 844
144 878
561 512
138 915
634 232
256 578
943 308
124 784
121 983
151 24
618 322
258 708
27 409
836 17
899 566
712 705
84 903
872 187
25 526
776 857
589 294
688 731
181 982
963 51
946 683
313 642
808 700
580 968
51 116
111 881
178 395
941 963
790 568
179 884
359 400
235 869
420 870
141 532
255 90
19 868
408 527
542 288
814 703
20 663
791 2
367 467
141 500
11 87
918 195
985 586
476 442
560 588
152 923
785 523
42 868
576 172
872 794
968 6
169 245
924 761
810 35
629 869
73 345
782 602
442 233
426 43
13 74
243 254
618 361
763 696
580 727
580 728
877 494
254 583
475 773
765 307
171 856
371 595
710 486
845 523
730 99
62 596
954 388
533 93
140 110
234 869
670 166
434 558
452 849
845 475
196 945
18 289
275 101
782 961
79 761
83 449
862 531
163 393
814 234
102 128
321 862
578 590
192 231
970 204
240 935
907 404
537 237
478 839
639 385
990 539
3 549
894 133
206 210
790 975
410 888
699 216
911 452
892 757
982 671
322 472
356 834
159 914
798 729
573 778
979 526
982 777
666 184
709 290
619 581
558 976
118 108
560 854
805 801
452 239
626 201
187 662
443 251
619 938
717 491
814 833
542 417
32 843
625 635
445 259
579 214
118 955
357 943
487 101
11 810
323 896
242 179
534 293
307 244
450 71
638 992
452 676
374 773
877 333
813 608
205 486
86 368
70 780
180 265
806 144
513 478
676 276
946 315
311 146
751 699
847 349
530 937
408 421
781 998
101 779
281 140
374 181
267 252
854 563
928 47
795 225
579 534
748 635
175 549
367 742
192 913
786 106
57 473
317 929
677 117
818 784
117 902
419 300
478 927
578 349
122 385
612 712
462 635
57 455
973 320
806 61
359 604
164 391
96 907
643 937
560 527
426 883
468 300
795 650
99 221
45 283
805 102
374 10
167 105
67 818
500 698
414 955
781 387
478 402
279 517
987 662
185 15
613 957
871 604
107 741
954 890
334 345
767 888
190 755
579 222
727 607
490 535
970 778
442 762
252 504
979 697
13 373
413 266
682 937
419 455
868 15
656 868
277 276
49 437
544 440
417 616
346 324
389 227
278 155
973 515
638 77
587 392
499 552
76 855
365 250
167 215
225 393
911 260
992 398
911 609
949 971
979 868
797 89
871 486
458 453
733 658
181 7
621 962
278 808
961 623
367 798
504 15
296 241
625 773
763 796
334 118
375 766
791 385
814 822
859 395
75 559
575 411
408 499
591 231
795 182
258 187
821 221
78 836
801 48
908 411
298 502
954 249
102 896
725 495
112 439
297 258
412 98
624 708
931 474
339 101
112 494
731 491
860 391
238 54
532 433
674 741
528 57
755 226
613 937
464 579
61 885
477 307
214 328
148 215
944 48
803 413
597 170
507 555
245 429
53 44
983 830
953 231
249 908
992 406
267 117
634 431
978 119
198 844
20 554
576 657
145 972
532 398
363 211
577 553
779 511
478 312
961 235
32 962
542 589
953 119
76 570
462 766
966 628
489 204
858 684
622 690
50 262
744 582
438 29
653 816
414 150
103 957
655 691
551 7
395 588
125 831
580 506
756 315
423 229
747 967
528 717
144 108
339 175
505 751
715 269
661 461
855 108
23 55
464 272
707 528
973 381
813 83
488 149
728 739
559 586
219 404
285 371
376 264
820 219
801 902
577 569
150 260
84 288
409 131
964 820
399 188
790 4
172 71
25 649
426 920
661 724
737 913
202 830
758 41
444 772
798 271
138 467
647 535
820 826
961 883
282 273
744 179
707 779
842 663
819 76
463 739
742 455
870 912
899 27
495 31
229 553
767 424
801 270
337 564
376 507
344 254
494 340
706 168
672 656
6 237
480 682
528 582
947 642
364 729
615 379
893 107
314 222
492 44
18 831
897 891
778 861
756 993
651 781
665 266
493 693
514 861
581 385
808 833
398 614
115 903
362 833
408 514
205 330
939 992
925 3
487 957
735 276
650 86
793 54
813 568
431 372
807 519
433 618
475 614
985 455
670 479
499 570
579 808
750 556
394 266
113 31
198 498
187 679
989 700
949 972
500 71
223 355
450 918
224 5
567 185
585 719
350 384
992 32
212 862
355 303
876 571
87 391
853 711
115 465
464 135
323 550
594 914
973 524
139 250
322 106
387 447
58 512
667 770
519 743
503 535
581 386
153 487
382 407
670 411
538 296
294 997
416 204
655 875
97 956
872 857
578 377
325 501
899 816
682 293
877 529
107 418
963 31
332 676
346 556
968 323
854 247
527 106
308 17
80 940
76 919
378 598
102 437
485 375
580 173
841 584
949 728
781 550
2 878
362 660
905 221
738 317
987 257
638 443
769 263
790 927
393 833
786 450
952 571
533 411
141 903
452 655
891 874
880 390
36 568
416 37
383 65
596 697
28 874
977 787
911 362
832 88
164 480
745 255
334 168
296 207
894 413
23 916
74 440
325 850
177 311
296 733
337 131
181 442
120 36
177 781
633 411
311 7
926 195
109 183
663 915
396 156
469 605
951 382
145 237
53 850
663 770
532 490
16 632
341 744
935 250
291 635
595 526
647 215
612 578
191 801
248 200
446 361
900 437
864 332
497 142
726 757
373 377
23 584
651 792
45 483
403 192
609 991
517 586
279 938
706 294
241 679
82 697
235 567
88 123
319 259
733 403
366 865
936 767
61 222
348 220
998 616
184 471
302 339
414 119
286 470
414 172
434 311
807 251
82 474
114 905
53 798
215 992
353 852
50 118
517 226
912 204
271 406
805 90
617 823
138 48
375 493
112 30
489 992
727 664
932 592
434 812
465 328
442 923
846 927
665 322
668 632
964 191
757 784
854 314
419 697
299 191
855 762
929 533
11 510
362 456
995 90
350 546
804 633
473 66
569 80
363 236
426 829
326 495
25 897
617 602
439 527
685 590
681 340
246 814
412 266
232 808
178 675
264 883
419 35
395 343
538 751
841 94
737 766
415 137
489 761
22 366
544 865
979 759
500 873
831 630
299 900
102 858
397 816
247 886
247 868
435 728
713 996
331 46
364 878
124 605
45 60
383 764
863 723
978 252
154 559
175 145
901 162
982 688
615 207
566 930
777 47
551 776
350 179
949 559
180 498
726 195
114 378
176 535
420 686
600 115
788 596
476 326
730 641
629 489
497 713
160 660
946 443
314 630
53 313
290 47
771 819
442 152
646 597
335 211
157 228
608 203
353 377
678 873
168 443
484 64
451 60
415 150
529 720
218 123
773 539
406 92
143 739
977 930
750 105
720 266
551 797
390 345
142 66
72 250
321 172
242 610
140 390
111 963
683 660
574 287
459 640
134 517
476 819
750 417
40 295
126 633
339 9
315 582
367 486
326 769
872 306
574 329
769 494
42 707
580 535
321 330
374 469
572 766
356 323
311 51
330 972
970 457
942 588
153 778
492 808
918 391
620 451
141 170
326 659
114 953
468 39
44 996
59 17
222 128
80 427
267 167
730 944
99 181
499 998
581 66
694 583
471 766
928 779
594 627
139 684
641 408
471 106
325 967
242 330
426 152
942 35
420 219
139 724
691 926
639 391
46 188
538 659
299 342
114 188
640 110
953 17
351 255
516 873
908 628
412 444
615 293
653 734
114 915
587 555
645 457
672 704
858 938
821 553
533 690
160 515
917 993
814 626
728 17
879 220
668 304
97 504
253 211
410 568
67 971
941 3
187 614
779 775
140 386
756 745
359 306
112 21
964 654
647 54
198 856
602 714
250 24
212 322
275 676
867 431
797 479
83 174
492 464
275 362
168 501
371 242
518 342
647 424
357 675
86 146
812 761
648 803
609 179
458 989
218 250
120 673
551 157
581 593
342 293
995 472
462 372
841 546
268 260
18 556
124 852
651 963
964 831
500 878
194 493
468 848
837 328
313 802
879 110
531 270
481 875
651 22
22 163
487 463
88 635
433 938
870 250
389 18
263 610
872 975
459 752
692 135
155 157
154 749
430 914
960 974
82 996
50 475
608 230
269 447
935 796
363 704
120 852
91 33
668 629
881 24
809 824
823 927
109 808
130 942
622 778
514 680
12 76
651 926
423 774
135 917
936 61
124 505
786 600
434 372
213 531
696 170
519 659
928 764
865 739
764 188
860 604
237 908
935 937
503 188
341 108
960 292
536 231
728 259
521 121
647 439
224 984
147 348
438 599
902 596
584 602
520 44
351 982
985 668
202 410
838 473
331 352
520 834
696 683
342 838
970 142
504 384
932 152
778 974
619 934
977 533
229 403
91 427
296 133
363 814
360 733
886 840
591 491
419 213
194 698
6 504
408 909
987 591
446 703
854 925
828 151
452 176
508 749
754 908
807 507
876 84
519 904
353 845
687 489
781 77
82 448
627 287
953 686
371 92
985 741
139 84
51 890
54 759
194 769
657 881
40 746
357 115
216 701
828 564
706 353
871 287
350 146
952 403
944 866
346 404
364 892
136 230
91 743
81 61
366 583
334 599
565 407
675 982
291 931
346 809
311 740
638 474
148 445
181 274
291 188
85 994
126 621
168 146
866 116
363 161
367 858
954 322
539 437
423 776
575 998
140 529
159 627
315 663
487 839
388 714
52 387
687 313
91 446
326 796
284 162
122 919
315 561
998 515
220 209
14 787
539 259
480 330
880 227
548 845
400 221
202 951
573 732
629 455
948 724
145 737
322 567
760 915
572 471
337 662
221 974
121 620
900 890
613 498
801 929
10 637
16 367
839 461
155 963
115 238
891 526
521 405
213 663
1000 329
638 146
238 913
909 990
363 4
577 257
796 402
891 611
196 406
829 47
703 539
240 40
176 128
762 885
499 428
928 552
25 237
415 7
574 518
202 878
466 305
108 957
751 407
514 984
81 295
414 970
552 792
293 907
553 633
706 447
988 525
160 397
140 395
651 887
412 965
793 58
949 320
206 472
56 398
72 884
545 678
1000 184
870 975
26 935
146 342
968 938
898 915
477 136
161 547
753 975
326 415
33 671
122 461
756 837
319 823
445 865
353 785
190 849
365 231
542 162
982 221
150 997
982 92
839 272
129 783
738 543
199 869
466 29
880 701
903 535
408 949
339 250
947 401
12 748
596 875
988 474
682 552
757 732
581 235
868 398
134 152
88 406
2 230
180 726
285 899
99 852
323 572
648 7
761 39
333 910
924 262
880 871
578 910
864 191
200 166
747 697
790 897
5 873
990 287
296 865
862 116
712 759
484 168
196 136
459 5
147 57
934 175
75 438
925 856
936 429
928 411
218 200
303 90
524 780
947 514
262 106
788 980
870 489
827 759
339 701
167 251
681 999
2 965
79 834
851 741
68 827
333 284
733 224
934 836
986 448
127 329
982 51
277 772
935 752
798 557
220 631
145 815
140 288
237 106
393 162
114 536
321 645
310 517
133 775
357 506
394 792
548 870
702 342
390 659
905 922
347 233
275 564
41 21
46 1
687 77
281 267
172 437
18 398
460 633
50 669
30 158
96 187
491 920
12 272
603 417
930 260
298 908
510 583
97 451
795 292
245 201
301 95
243 389
497 746
636 330
859 860
452 862
883 966
82 689
152 379
779 796
72 624
950 235
469 869
69 61
871 200
965 498
444 24
516 490
986 506
847 603
108 391
552 527
232 652
899 573
376 651
845 921
464 546
815 701
899 475
219 664
312 967
124 732
365 391
248 810
326 762
488 165
872 490
182 286
68 210
944 10
34 209
101 735
998 249
123 231
254 262
95 228
85 691
126 921
251 761
393 897
537 750
791 735
255 963
840 989
102 967
638 200
998 891
848 602
1000 585
315 689
625 551
340 132
895 633
545 211
212 729
572 858
641 848
795 301
175 751
876 755
672 417
381 691
253 398
374 946
634 731
548 563
712 937
818 578
638 390
120 814
77 479
117 686
161 907
125 719
665 77
990 158
636 767
2 631
819 295
422 70
507 207
44 666
463 385
125 384
741 962
565 887
512 237
167 592
12 130
146 591
858 265
113 555
296 787
430 553
439 601
151 209
619 408
138 564
910 197
589 241
740 895
189 799
219 149
28 467
872 895
373 320
46 884
379 556
215 654
177 403
909 557
842 48
525 696
539 260
234 931
291 858
225 886
423 417
103 312
57 695
370 812
412 539
360 130
341 266
41 865
974 701
524 20
947 478
469 873
606 77
675 806
145 671
715 515
751 105
138 701
694 731
225 857
609 963
655 595
299 777
909 88
419 584
27 948
364 830
872 616
724 207
254 100
91 575
10 270
676 502
192 441
65 875
371 940
377 957
316 769
244 759
451 626
348 930
566 646
703 268
280 833
357 129
22 90
422 359
126 824
855 678
853 961
351 513
330 266
984 388
360 230
68 171
832 221
27 198
651 822
735 370
175 905
532 871
307 462
851 5
945 937
46 260
334 704
274 868
619 781
829 705
946 17
995 174
779 198
332 37
513 658
145 200
310 168
698 49
537 523
355 990
223 201
469 724
798 630
537 134
353 654
810 761
970 971
742 236
229 765
484 93
454 659
774 626
160 506
191 286
432 304
299 640
70 144
257 213
383 626
744 59
99 908
929 113
64 493
820 831
715 915
288 837
689 662
298 825
450 249
12 255
16 666
551 751
255 891
426 400
750 433
528 748
40 384
681 725
409 829
871 349
185 201
668 387
171 51
734 663
52 555
117 767
455 930
880 155
27 78
139 366
674 887
794 699
636 511
91 712
70 184
153 319
636 103
649 875
502 457
223 444
519 303
278 249
798 723
818 305
478 24
478 757
465 287
790 608
837 980
269 427
198 554
45 430
833 976
755 456
692 122
945 818
320 92
992 7
756 5
612 271
805 195
400 327
547 591
911 708
492 337
182 123
50 573
326 509
542 940
653 519
945 832
979 887
16 31
202 986
786 311
350 685
258 733
431 572
620 816
634 775
365 48
353 826
243 958
248 246
859 571
363 367
911 1
118 810
587 77
686 627
120 203
71 831
445 696
792 349
898 907
565 92
815 739
871 735
645 93
137 441
375 874
190 570
282 116
102 55
647 220
756 166
38 674
893 491
126 270
899 540
247 479
190 448
746 394
298 360
624 848
12 313
303 272
117 55
12 775
945 663
807 896
10 724
182 375
81 152
58 296
784 913
739 626
185 47
245 463
16 471
26 287
889 162
868 535
386 498
400 861
322 719
389 865
235 774
894 940
542 869
53 26
478 528
23 110
896 869
186 22
299 393
346 254
542 744
746 142
54 391
945 905
434 847
422 963
104 264
977 901
422 564
514 546
97 883
952 19
253 535
182 570
692 31
65 825
412 115
566 550
790 454
791 441
200 693
905 972
373 959
547 418
302 205
625 441
587 265
839 188
317 791
946 836
655 760
73 429
742 451
638 115
485 384
675 262
758 361
178 591
766 24
134 1
173 983
95 289
805 483
82 866
188 31
807 478
297 927
764 719
987 214
588 3
449 511
141 274
685 567
70 581
639 336
362 716
180 165
243 644
85 918
16 222
168 123
523 250
692 523
747 88
305 562
981 259
82 259
358 993
389 397
432 760
847 20
397 98
282 19
300 21
529 662
76 98
375 969
805 908
913 391
941 486
786 653
866 233
304 7
46 136
64 554
436 994
337 937
198 878
420 708
150 736
548 307
452 40
33 81
323 796
725 553
692 826
905 125
75 406
246 651
255 201
768 462
747 572
919 702
240 891
367 482
932 907
166 1
82 465
706 714
831 739
415 890
118 759
946 222
854 887
430 47
817 26
936 36
459 339
378 907
945 431
375 392
452 616
928 614
657 830
371 270
139 966
807 204
545 526
721 550
589 157
458 935
273 668
246 617
937 778
520 402
42 630
740 611
588 908
898 169
140 755
758 226
721 98
81 515
279 240
694 303
414 439
781 188
798 82
27 278
634 770
378 509
359 88
871 856
588 693
295 895
786 735
365 421
103 321
206 11
280 610
922 303
482 895
164 767
531 427
146 92
905 52
648 447
757 907
692 551
412 967
889 914
817 52
866 850
210 228
152 490
789 937
733 679
426 516
56 673
514 590
18 771
566 322
807 444
16 823
677 295
801 116
444 948
972 244
540 132
196 750
466 793
612 262
889 494
571 915
326 327
1000 695
450 457
154 536
531 406
15 887
277 222
205 224
751 774
389 195
682 276
165 455
376 191
176 885
842 927
557 873
810 92
765 855
69 329
305 90
83 462
952 775
147 427
152 276
782 916
641 565
601 684
612 833
675 393
638 185
863 922
668 284
134 388
861 57
234 804
749 570
360 420
811 343
725 618
348 705
259 170
497 80
403 567
317 934
795 400
546 802
450 247
855 348
756 540
459 366
5 664
359 918
647 810
713 494
801 137
329 271
366 903
537 41
312 926
384 29
187 501
867 80
650 546
390 402
91 912
161 518
395 722
23 536
18 564
186 627
430 992
444 901
548 632
706 510
987 352
431 416
19 54
545 280
182 683
990 370
350 958
968 698
518 975
395 610
330 201
615 946
899 486
375 307
713 119
615 704
831 536
860 618
757 749
350 680
228 673
960 261
169 678
545 154
879 472
198 88
430 306
576 163
181 553
157 885
669 673
291 975
155 780
566 677
968 128
141 874
577 591
795 750
847 260
196 93
488 553
995 999
885 536
157 724
781 682
206 89
997 188
509 751
976 425
316 210
153 439
418 255
694 762
466 239
103 803
299 131
559 29
482 884
373 270
371 338
275 545
202 219
40 49
618 923
729 592
639 274
414 316
565 93
124 569
876 199
703 917
121 908
855 392
577 47
171 766
750 875
728 24
376 421
876 36
517 119
695 743
665 87
253 472
448 303
326 18
63 3
135 94
493 831
85 411
636 8
433 739
745 271
977 701
71 884
279 354
541 843
342 843
866 358
823 962
362 614
684 207
990 388
532 445
933 983
120 555
99 500
97 277
62 195
369 616
422 85
383 128
889 694
139 304
295 920
375 791
817 71
785 592
206 384
164 176
76 162
197 94
868 490
751 833
638 958
699 701
994 679
955 822
353 290
243 919
468 840
269 280
320 601
443 610
493 516
981 860
492 542
176 832
291 785
694 999
433 498
903 35
79 600
941 565
137 739
389 634
353 283
295 287
434 313
613 749
20 606
714 90
139 883
820 29
542 582
469 833
823 824
413 766
33 805
219 501
919 32
655 804
530 458
790 917
609 805
478 278
63 792
475 888
204 260
337 531
53 553
273 558
620 284
863 554
480 372
878 816
381 868
945 180
721 914
651 312
12 593
70 157
434 744
964 518
797 498
34 774
498 343
548 787
298 976
567 940
696 931
711 312
609 183
848 839
8 470
362 125
326 256
236 652
376 77
9 826
191 818
235 597
653 594
790 518
374 743
374 656
810 688
423 379
182 235
859 227
950 665
927 204
636 526
561 836
862 46
114 307
367 300
859 864
470 881
773 55
66 183
622 872
795 624
855 616
19 926
56 445
704 700
281 416
696 116
53 372
650 433
821 5
118 40
653 214
253 200
785 166
362 101
955 854
814 567
837 626
377 856
504 527
917 826
849 421
876 319
56 421
88 407
713 207
838 254
972 556
426 171
107 95
561 100
278 390
786 632
430 494
383 840
172 997
574 262
30 704
530 524
283 570
321 591
227 17
53 154
24 116
317 267
202 604
612 286
76 93
793 459
103 60
704 100
302 700
320 108
597 511
178 917
771 505
999 392
53 999
994 411
521 507
540 227
294 907
243 44
979 315
180 288
634 32
832 829
520 315
177 679
84 396
751 809
894 89
462 939
533 527
529 659
176 271
932 168
718 305
23 331
258 405
542 784
425 916
508 533
806 238
62 783
366 663
950 540
189 858
244 531
713 591
934 792
243 940
405 251
620 49
893 703
933 968
307 689
560 886
756 757
968 208
657 207
347 947
64 604
986 166
335 921
444 736
542 593
980 255
746 293
290 989
279 327
53 924
585 777
859 489
335 648
78 710
789 308
523 775
863 407
114 98
665 804
285 8
998 975
99 962
850 231
177 562
837 152
817 624
281 868
346 679
734 471
22 425
335 976
350 324
618 3
121 897
608 127
164 376
256 348
300 951
172 101
448 286
998 993
826 47
982 796
292 272
933 145
543 989
638 129
342 195
160 743
702 993
172 47
962 272
945 653
55 39
77 388
821 37
945 749
389 695
252 407
356 423
844 539
257 238
18 461
339 512
286 441
909 63
214 515
854 916
588 361
235 956
184 4
911 161
634 818
222 227
172 82
503 44
768 308
933 224
454 592
645 559
257 217
339 519
722 404
642 599
839 193
682 94
64 718
582 239
208 14
109 198
62 704
762 967
189 980
625 168
919 146
979 727
648 697
784 308
419 281
178 318
199 731
712 344
420 210
422 481
995 546
257 321
958 100
412 606
603 37
194 707
765 341
918 761
146 965
583 627
946 201
666 292
133 718
454 831
876 299
228 652
311 31
822 720
889 76
876 2
386 679
45 20
496 868
376 365
950 342
672 697
902 572
822 858
859 122
412 540
794 224
139 915
355 504
813 170
75 769
376 874
310 34
419 123
782 830
380 308
903 57
618 780
229 67
939 903
538 254
162 890
19 200
356 163
360 890
345 774
649 7
889 388
620 884
837 736
657 447
640 541
532 881
778 603
120 129
19 611
738 560
436 878
584 861
334 226
566 359
134 22
119 857
928 526
987 435
892 796
969 826
126 32
995 214
619 950
709 840
110 743
252 245
864 917
130 10
44 750
166 930
580 753
655 165
325 631
939 98
64 653
788 812
159 125
528 144
401 534
754 695
580 368
758 804
468 221
800 716
357 539
369 166
807 897
290 308
579 290
793 609
789 305
135 644
37 601
827 971
861 207
951 916
350 839
383 38
58 843
392 368
464 760
639 187
510 578
892 336
786 108
75 785
789 80
711 881
261 207
806 116
344 226
945 495
326 925
127 385
422 713
299 60
558 890
196 229
392 457
232 3
514 800
362 173
681 529
446 214
919 410
218 184
755 69
520 978
819 382
639 660
943 366
680 752
932 504
102 570
817 50
225 879
822 388
520 554
179 370
972 136
765 799
274 502
608 631
369 98
754 984
580 34
34 210
369 14
604 352
102 460
522 37
53 365
691 533
381 233
706 169
703 684
420 524
545 409
894 217
360 629
79 769
459 611
961 222
712 507
730 888
50 908
977 253
728 80
386 440
476 780
686 355
810 207
768 848
110 498
506 483
780 611
203 777
762 908
97 200
521 798
733 689
298 677
751 108
868 652
733 892
500 686
419 887
135 13
56 435
932 556
351 344
82 88
822 116
390 669
182 132
430 678
208 387
539 391
519 260
539 799
751 437
552 660
34 88
190 535
911 176
520 207
9 5
832 605
845 998
934 962
576 591
790 143
520 372
956 463
512 621
263 614
415 990
797 897
459 690
208 379
396 55
91 533
639 394
936 592
657 722
906 212
9 427
200 796
219 398
646 517
522 134
433 330
450 437
430 473
176 214
232 519
911 655
952 468
788 131
713 697
715 150
806 101
513 993
15 210
84 355
445 623
952 147
778 393
96 19
827 245
291 900
1000 377
442 594
89 840
84 287
532 907
804 834
431 851
117 854
134 988
243 145
468 425
34 922
530 948
800 992
712 411
819 442
67 207
451 379
571 924
973 339
42 200
187 699
492 953
842 684
399 382
202 176
176 188
175 833
422 88
177 810
401 46
598 289
932 769
436 728
928 481
738 633
985 505
755 663
68 489
403 974
553 627
524 624
961 843
692 17
191 20
756 465
419 32
88 637
12 203
442 429
464 443
947 338
762 3
916 996
542 724
806 578
678 830
257 292
747 555
292 930
297 46
767 147
822 527
318 166
820 490
675 565
71 48
545 510
565 596
622 461
617 802
748 461
419 342
285 901
899 780
933 43
363 247
180 595
420 709
902 433
918 314
266 604
108 29
958 402
763 155
532 711
196 992
79 506
78 809
97 623
420 623
62 158
689 673
675 228
941 999
11 222
646 241
71 643
112 833
140 103
265 90
488 51
253 546
605 984
111 652
744 556
859 201
205 895
587 338
986 734
234 983
795 872
344 606
198 398
742 583
19 280
614 637
555 556
468 131
924 63
815 211
731 659
399 732
88 204
500 263
520 896
298 917
933 602
891 830
608 3
692 728
928 991
644 170
365 429
548 711
73 919
548 226
648 781
540 385
38 306
977 74
366 349
898 963
426 846
267 125
715 201
399 523
648 530
313 486
883 610
961 840
900 470
829 557
5 251
958 174
819 92
75 288
196 730
468 2
309 63
319 131
566 688
647 143
910 535
674 501
297 431
68 699
399 379
196 364
909 680
934 786
605 385
639 871
2 268
697 303
580 940
538 830
41 320
922 397
879 663
202 606
477 787
820 81
754 570
25 879
429 328
607 312
565 24
585 851
16 675
786 767
344 506
191 757
794 783
560 143
397 158
303 759
525 509
337 472
559 9
25 817
866 596
657 999
559 784
686 214
493 509
401 183
252 772
339 5
708 623
70 584
784 386
273 991
721 30
53 463
873 716
649 825
537 264
135 61
917 601
551 854
797 172
305 857
285 593
114 19
860 269
686 450
378 959
117 311
999 630
215 851
762 757
274 51
419 283
922 718
894 444
181 403
257 116
301 463
436 586
645 729
766 555
83 555
297 823
647 484
803 572
817 663
729 792
950 507
492 982
395 713
252 942
41 908
186 173
67 38
829 119
466 287
547 379
297 171
383 644
468 265
698 903
20 111
553 100
427 963
339 60
346 328
789 331
521 612
793 608
50 569
496 237
291 395
194 204
98 340
117 658
505 834
282 740
919 629
194 638
13 512
253 415
356 610
772 787
991 858
950 510
769 541
789 14
14 704
786 258
799 983
475 766
814 498
419 772
117 763
295 36
698 396
634 965
41 689
946 465
163 295
297 18
565 597
653 690
649 296
56 660
842 885
687 948
513 523
866 652
146 766
269 689
177 471
300 770
452 644
225 930
376 915
374 144
136 680
83 146
275 505
566 850
56 181
497 93
278 673
141 381
178 384
61 98
651 512
785 156
661 658
534 128
969 433
789 812
708 549
537 107
453 286
371 71
319 857
677 313
587 963
728 809
726 886
755 989
16 840
647 295
200 874
807 491
378 295
481 117
484 858
414 590
11 123
978 671
666 862
97 792
451 327
263 411
793 539
229 997
628 660
434 398
527 411
643 642
909 631
657 155
326 937
500 312
934 514
58 705
567 498
647 452
949 354
565 507
711 959
455 774
601 421
226 996
550 507
315 680
800 610
797 330
177 739
85 690
11 526
744 970
513 917
344 557
631 926
442 393
152 701
151 261
358 437
992 289
757 74
164 452
636 58
783 957
981 638
982 642
902 565
431 130
669 417
853 275
948 327
549 352
85 965
76 896
366 271
575 405
25 336
928 288
746 406
246 157
565 262
280 835
146 683
154 354
564 667
197 470
431 472
814 130
381 677
113 897
525 438
9 971
744 155
25 439
332 490
481 848
598 394
603 447
416 839
800 799
164 406
763 519
419 842
694 43
693 759
846 370
608 402
795 413
646 587
807 116
347 100
110 116
40 219
19 207
286 193
708 752
80 809
42 233
420 643
618 660
268 717
12 990
894 485
225 232
326 197
960 914
439 130
648 656
840 890
580 978
705 637
38 659
757 261
857 473
476 712
911 468
956 701
113 849
973 540
150 244
675 656
62 701
285 756
15 631
291 63
274 637
566 660
581 835
989 486
141 773
672 939
904 92
240 508
385 388
64 474
144 830
807 886
88 162
412 402
459 347
360 293
164 335
319 462
301 378
249 132
647 479
442 396
515 679
134 150
593 976
475 7
154 830
200 972
462 852
710 679
409 678
450 575
955 289
373 61
203 724
138 14
934 71
255 268
653 770
929 850
484 366
163 666
702 582
934 595
1000 628
53 951
317 784
182 240
537 429
682 100
16 683
755 664
205 251
306 536
347 589
206 121
327 276
143 777
203 716
769 329
821 15
480 944
589 693
172 809
677 294
376 813
788 640
99 78
917 699
430 611
905 293
237 743
430 971
11 396
422 390
898 276
434 787
104 823
111 585
25 131
74 209
249 874
420 718
452 532
436 156
30 57
825 66
126 274
168 606
232 775
102 965
280 226
312 630
50 564
559 8
767 856
345 838
13 910
911 378
831 156
50 364
383 315
685 874
78 796
549 907
717 962
488 759
210 391
576 960
177 305
841 749
685 295
347 813
837 724
591 149
939 37
369 60
225 404
550 296
468 734
573 63
846 8
12 896
308 983
153 832
782 89
409 998
597 239
85 124
738 122
634 533
548 68
991 204
452 444
994 226
138 834
573 131
846 392
801 868
111 849
275 315
795 824
299 237
485 183
446 198
973 825
855 213
912 227
805 541
841 161
409 909
297 828
663 700
43 991
167 311
790 697
73 393
954 886
426 76
12 690
929 723
665 657
846 349
516 342
775 631
280 276
539 997
113 165
446 586
653 993
357 48
950 832
335 931
622 296
580 897
979 94
38 287
296 516
791 608
99 702
291 538
64 689
777 457
412 388
202 110
471 693
467 457
893 317
653 38
837 237
335 368
411 441
841 233
56 946
909 583
895 88
842 126
771 970
482 92
544 406
688 965
207 780
442 588
475 717
430 522
125 972
618 440
313 748
555 90
773 838
245 601
84 133
194 827
369 19
727 956
981 290
126 78
847 764
609 628
325 955
369 488
378 540
682 833
325 553
945 888
34 921
979 734
78 966
909 90
955 83
681 129
612 896
148 6
550 802
889 958
840 804
622 573
166 226
856 983
399 993
196 99
282 913
565 842
952 106
863 402
458 216
638 228
339 976
378 948
258 971
341 873
538 440
694 428
122 71
964 727
331 396
603 65
246 774
812 809
178 378
518 192
325 474
711 998
614 535
148 438
920 599
418 259
721 730
879 478
820 772
14 327
62 251
952 592
698 552
489 891
892 695
181 565
778 407
712 857
987 374
544 621
452 211
869 843
199 822
334 467
335 478
20 812
634 691
122 455
951 662
324 336
134 292
900 523
129 61
873 441
43 999
334 84
510 237
519 778
292 840
609 601
356 144
842 735
871 252
271 825
133 824
567 714
545 669
144 881
321 942
638 55
257 283
902 890
750 975
933 287
793 12
75 50
57 386
460 908
403 627
397 486
530 791
447 106
953 158
522 603
129 361
385 630
436 379
451 296
672 228
415 455
319 98
314 664
439 483
236 653
528 740
423 311
453 511
656 29
648 885
179 294
416 602
357 417
97 676
484 815
6 290
376 926
822 129
753 386
80 989
601 388
318 293
423 313
42 573
98 276
786 596
303 116
520 850
238 923
444 674
748 184
771 413
104 971
68 539
342 110
544 284
694 377
745 664
961 975
965 873
275 985
536 272
374 443
288 992
552 271
990 217
205 873
818 169
553 940
793 500
645 801
725 169
97 8
409 411
371 1
521 369
300 869
395 576
641 241
229 708
521 351
194 441
898 238
738 495
846 889
315 486
488 769
970 203
941 755
906 544
530 601
622 435
476 470
5 719
10 286
546 116
777 693
492 236
314 745
64 566
138 884
252 378
430 388
400 674
613 918
131 555
529 392
277 592
651 823
240 752
700 695
810 690
563 856
397 372
580 811
950 627
744 543
572 601
755 132
99 883
847 88
177 988
789 250
815 80
317 322
986 42
691 349
240 558
902 517
625 991
569 179
556 340
218 781
912 535
642 349
419 925
798 913
446 705
431 329
26 702
19 525
32 406
842 173
580 3
63 811
853 144
185 9
131 217
670 505
612 586
70 724
278 252
445 578
625 105
332 404
416 147
768 744
753 823
159 660
171 37
461 775
559 900
819 654
134 999
932 381
877 345
439 57
249 567
431 587
911 213
954 603
255 604
879 502
109 352
315 831
395 677
984 349
114 620
68 272
813 555
442 286
608 720
806 543
750 811
281 195
278 710
704 862
803 231
979 365
120 976
842 276
325 392
839 24
692 429
777 4
879 172
814 264
894 245
375 156
431 474
41 290
436 668
826 770
84 90
2 38
236 268
879 359
374 410
512 567
335 351
521 377
194 226
335 102
988 549
777 24
540 967
466 137
422 747
84 507
242 561
928 797
359 185
178 142
977 30
295 324
728 662
4 701
514 35
629 633
819 565
508 443
351 142
367 461
180 125
558 290
742 294
208 470
177 715
802 775
185 644
514 28
279 82
895 784
288 723
971 474
299 361
935 385
801 695
317 187
698 29
45 984
685 207
389 414
45 94
854 77
360 467
168 74
98 583
712 695
902 716
84 594
867 646
988 514
310 414
636 35
215 501
412 380
62 371
794 227
346 242
140 824
728 427
918 32
409 719
153 708
955 999
234 491
634 536
414 633
179 588
575 567
48 541
948 701
216 630
82 131
133 192
143 158
625 584
331 24
956 197
145 787
63 996
362 330
945 591
334 421
923 385
639 38
114 104
949 916
305 100
576 669
619 954
821 307
99 778
464 889
1000 877
800 792
965 511
22 646
933 789
768 504
900 583
22 905
969 819
73 620
141 227
43 563
359 449
339 456
68 402
555 680
941 984
581 227
879 904
987 292
432 404
396 586
236 810
934 697
901 228
331 245
969 992
313 491
853 974
820 908
378 741
864 547
804 207
6 829
154 155
731 216
868 343
346 265
332 946
422 776
339 990
355 674
103 359
34 660
346 579
778 875
625 786
652 719
433 100
964 87
317 621
186 1000
53 460
189 544
684 17
182 420
364 540
561 823
359 818
911 998
25 957
237 699
576 439
425 105
892 696
696 824
899 72
412 34
933 936
898 649
92 887
187 831
11 878
500 529
480 152
746 611
184 474
517 775
848 343
357 948
252 567
256 523
936 8
381 895
672 352
26 331
43 794
113 174
364 276
791 603
729 630
484 105
139 703
651 955
41 424
401 837
44 125
879 924
278 77
696 631
151 90
145 195
146 166
992 391
141 429
889 703
488 94
252 61
299 597
123 816
309 559
651 971
783 427
68 627
378 330
735 764
399 970
696 717
394 915
909 701
672 733
510 377
336 162
536 824
350 818
580 735
642 856
560 246
687 791
30 745
356 435
19 57
559 195
904 800
371 525
986 940
257 94
399 482
112 657
764 716
42 138
548 491
210 531
341 832
374 545
903 601
38 632
443 852
399 439
246 289
282 43
520 35
248 971
178 883
619 924
982 611
906 728
497 283
299 823
858 637
986 416
363 270
48 90
23 876
788 387
275 272
308 455
83 714
624 400
126 606
905 761
354 200
344 149
114 925
178 949
258 472
561 287
20 136
187 884
901 92
296 146
711 903
718 345
416 217
153 618
308 760
794 5
23 150
792 328
208 883
309 400
107 38
321 607
941 468
602 962
826 555
969 173
671 391
194 799
602 630
944 358
521 834
102 150
598 740
477 564
274 578
121 734
478 323
658 769
73 109
745 783
732 878
256 628
185 51
80 684
717 289
374 306
527 989
126 80
243 548
636 702
178 265
56 699
153 992
211 438
139 917
771 341
323 869
803 379
293 385
156 759
482 719
452 489
921 133
776 82
698 729
225 780
299 676
60 896
89 980
846 789
182 811
242 106
696 556
286 265
161 455
620 31
199 198
522 956
456 407
229 919
939 471
44 415
371 844
206 120
331 272
283 5
247 197
52 896
225 348
814 671
499 235
461 312
730 209
692 681
567 32
990 815
111 722
808 557
294 824
635 887
163 125
801 390
551 894
28 483
302 365
169 614
489 908
354 610
810 669
192 676
768 391
81 113
426 116
898 52
446 662
366 642
95 962
647 458
805 523
981 134
184 352
735 156
214 689
694 129
545 266
928 441
547 693
687 852
364 213
862 92
157 629
966 7
46 674
802 764
577 63
392 535
160 298
250 535
538 280
889 838
569 752
349 106
998 209
236 931
353 438
1000 94
360 358
566 737
706 588
730 755
909 221
768 954
847 583
970 857
863 207
643 890
109 289
199 512
813 557
668 808
333 536
612 926
944 127
706 724
265 245
814 203
460 221
638 574
551 29
919 778
589 221
173 144
882 958
901 171
443 238
26 824
347 753
163 837
829 553
876 121
925 74
282 879
560 516
129 380
180 623
521 483
126 57
971 272
944 958
337 197
953 745
775 398
11 330
324 230
497 130
799 857
858 607
588 207
565 274
933 366
326 812
987 616
545 978
843 260
880 146
722 874
135 226
790 52
208 216
853 315
476 242
54 1
832 914
528 559
141 485
954 215
177 983
488 44
948 245
484 97
985 724
584 259
212 951
886 366
617 844
377 857
799 251
423 532
798 251
807 818
793 923
224 531
481 575
210 637
810 919
674 149
491 541
279 595
837 966
763 432
318 172
671 673
86 156
655 337
41 892
389 444
473 90
238 696
165 510
607 31
282 476
348 187
190 547
203 386
730 965
551 222
766 193
127 630
613 475
360 191
402 260
223 261
950 54
977 754
803 828
360 108
842 195
644 766
912 564
953 505
618 689
926 570
510 549
401 590
213 887
569 576
139 185
415 558
333 572
422 252
461 599
91 431
691 703
809 873
919 209
282 63
95 8
91 661
71 397
672 598
291 741
747 479
431 81
252 574
77 162
932 88
779 743
30 926
101 108
229 581
641 115
877 642
185 504
53 204
612 131
748 429
419 204
681 826
934 809
300 660
550 366
923 857
673 284
334 786
879 260
370 558
304 816
170 874
864 697
190 944
936 852
655 682
8 510
63 35
512 504
350 848
30 29
492 754
484 469
316 479
569 600
478 429
468 960
405 136
248 655
810 729
758 174
371 179
864 370
323 596
426 389
361 660
374 214
124 935
142 457
992 857
305 110
181 404
91 919
322 637
654 851
500 157
152 473
210 55
653 661
522 24
49 829
251 535
768 717
797 136
168 669
806 583
286 743
507 658
901 630
181 700
15 284
947 252
721 108
960 52
859 453
355 811
589 966
629 386
360 624
172 354
79 107
190 134
985 989
928 34
848 588
247 49
560 222
371 890
461 956
953 563
148 221
23 867
991 293
758 390
396 501
976 583
32 599
56 667
915 90
456 471
726 684
638 685
581 843
452 364
747 483
451 556
638 921
898 774
496 833
522 710
73 887
6 249
566 540
126 156
34 875
40 570
214 527
500 249
925 226
823 207
612 823
921 463
28 61
345 404
667 398
415 293
575 984
656 330
656 914
205 147
715 913
410 437
782 286
74 411
477 574
772 172
206 414
991 826
25 693
164 422
347 273
504 669
958 209
640 308
649 514
409 314
620 460
531 29
232 336
141 372
439 957
454 288
863 385
347 584
812 843
493 671
376 257
53 588
133 314
164 247
665 750
883 582
755 209
101 391
897 673
781 725
651 942
168 251
364 800
522 923
899 592
951 74
381 865
117 825
597 294
376 678
68 808
444 316
199 245
395 616
50 774
191 377
927 962
264 844
197 108
176 400
797 749
153 870
301 230
837 200
620 854
223 374
513 716
172 628
68 443
85 540
137 833
509 700
331 536
446 891
629 812
976 260
148 49
518 754
544 778
744 479
986 773
634 971
466 337
542 533
796 162
467 684
846 249
9 907
253 500
205 930
248 869
248 494
109 626
370 664
853 816
98 230
416 324
520 761
18 728
485 418
744 250
899 35
315 465
295 113
40 509
855 20
788 593
665 669
22 883
219 305
742 845
944 714
356 952
194 614
196 14
908 407
367 799
645 127
218 284
575 882
846 37
929 769
15 660
73 885
610 526
893 847
121 359
968 417
710 631
839 106
991 704
477 792
675 377
341 51
240 465
641 174
565 802
872 366
3 957
397 489
903 549
641 358
944 533
698 105
19 314
596 57
315 1
138 740
937 568
140 652
335 272
848 616
871 630
886 627
845 382
273 510
85 582
42 633
12 623
390 233
553 197
445 593
64 124
456 881
151 398
312 993
478 370
677 372
270 201
107 672
471 486
232 714
314 352
619 22
405 287
512 658
331 222
961 308
416 441
160 199
681 661
237 804
577 386
298 641
643 105
661 455
381 896
111 669
783 150
390 892
468 714
145 640
225 914
670 735
542 769
97 897
41 504
862 254
947 769
941 501
400 93
675 703
462 486
707 667
561 938
450 340
545 584
202 939
351 224
721 663
102 465
821 512
730 569
153 508
681 764
954 237
894 29
801 284
918 245
558 601
738 830
715 246
36 891
247 311
266 471
741 983
482 951
283 812
109 546
675 251
801 245
258 269
53 749
800 262
635 402
102 330
438 231
242 910
656 993
785 138
335 814
466 450
448 652
459 118
444 264
845 518
247 633
347 770
828 948
37 716
79 87
144 736
418 881
844 386
845 504
647 542
26 908
253 605
868 826
786 616
375 179
968 631
64 858
803 469
728 903
670 132
172 411
453 966
9 456
917 914
168 170
551 257
924 558
371 696
369 901
537 273
6 494
651 26
858 752
524 440
191 992
805 966
574 213
968 958
674 693
944 527
496 878
685 984
576 676
166 293
790 605
617 598
203 935
239 57
984 695
918 238
140 385
918 340
803 506
369 311
18 588
686 972
949 283
942 904
571 541
790 404
899 912
672 220
516 327
972 392
643 935
737 951
854 963
370 633
821 810
199 260
374 540
799 406
697 216
977 407
376 599
903 201
987 326
58 494
546 959
692 920
985 111
303 835
880 874
650 915
198 38
236 213
979 895
338 490
649 3
986 507
445 570
569 814
569 106
415 10
56 764
19 377
576 6
344 900
79 254
726 188
702 940
655 863
78 6
13 518
358 411
416 74
796 92
687 396
475 9
190 457
842 131
492 822
532 531
750 629
316 244
378 13
361 158
797 984
420 844
179 220
117 810
207 260
991 723
952 762
141 547
50 222
351 263
798 102
590 940
18 235
944 330
880 966
8 558
173 874
544 260
246 454
408 116
256 553
482 633
408 711
167 784
218 47
547 157
167 908
597 673
19 531
587 728
860 926
454 528
653 506
608 482
205 560
218 674
903 690
194 749
624 131
59 20
47 17
813 176
117 914
820 392
598 683
897 652
500 296
72 848
81 633
756 125
898 992
596 539
206 271
876 550
12 261
60 249
942 940
154 760
649 846
177 500
787 631
650 215
453 380
788 374
212 887
334 623
319 751
399 990
957 193
971 732
96 635
605 915
821 905
612 726
687 974
606 193
699 272
485 96
790 438
196 503
375 657
56 720
822 662
652 39
919 195
369 610
459 36
369 704
96 955
911 547
620 165
288 975
795 974
866 881
520 290
401 8
942 354
95 468
93 47
210 239
866 849
3 874
216 90
397 449
83 129
945 629
252 983
86 349
120 407
194 320
241 701
737 939
19 230
725 724
297 89
866 602
919 28
765 516
836 826
842 142
672 294
53 927
27 249
58 156
223 917
234 810
871 741
57 90
6 705
860 533
707 495
822 750
294 327
476 308
464 259
499 31
980 850
712 562
461 887
25 236
795 236
540 200
828 958
23 350
649 360
442 746
65 873
477 407
591 216
665 3
25 211
96 242
114 763
439 324
485 657
566 270
791 828
388 231
359 630
713 618
497 632
860 387
543 717
814 714
267 211
133 343
753 55
507 823
487 185
148 729
534 378
415 66
389 29
237 427
613 623
999 37
11 599
922 915
813 843
283 604
889 67
56 937
330 69
81 209
300 826
192 7
45 106
482 994
798 40
822 572
538 455
367 866
707 855
781 65
468 762
732 554
72 576
220 531
117 705
33 314
846 495
584 926
361 606
782 489
485 555
339 818
964 395
510 696
719 440
678 340
135 661
863 280
928 221
114 165
454 944
189 188
223 36
591 61
118 739
243 535
218 345
107 600
995 976
860 550
799 825
481 916
499 169
542 857
310 725
911 916
845 532
179 983
430 637
426 55
753 36
65 438
292 640
173 209
929 904
694 119
315 676
351 170
577 749
409 949
982 984
653 983
972 557
412 618
677 276
451 9
982 38
401 623
139 21
394 425
711 827
677 875
704 673
538 251
756 446
534 700
225 660
563 659
540 766
275 288
339 277
56 97
119 690
1000 917
623 614
776 748
375 308
816 270
581 242
277 35
551 939
798 442
976 796
590 992
853 684
737 809
879 1
126 890
982 250
500 55
668 599
168 154
461 585
629 627
765 506
321 626
947 757
650 82
535 743
301 829
34 552
709 370
640 526
779 270
771 384
918 407
480 380
468 113
706 378
159 531
157 923
537 173
918 549
114 686
399 321
636 409
801 106
979 842
234 601
196 332
544 594
845 930
625 140
44 504
57 843
965 741
622 262
503 787
572 391
789 575
485 827
63 660
969 469
300 982
520 808
685 244
305 833
178 449
738 482
500 219
399 608
651 505
532 41
934 565
818 667
295 259
212 51
366 467
412 614
853 309
947 939
451 336
656 390
87 57
311 690
868 125
267 831
639 946
27 966
137 201
408 203
753 761
234 14
369 498
374 364
12 446
233 825
81 451
684 660
542 491
163 192
963 231
249 428
675 101
86 398
544 739
497 600
454 929
59 340
853 727
295 438
168 724
973 927
389 730
353 40
663 46
196 104
70 366
572 705
279 215
807 19
808 483
900 917
886 540
247 535
543 660
721 918
213 214
99 130
968 428
808 659
663 55
19 565
288 595
10 36
800 219
904 509
898 3
886 766
783 88
313 48
496 923
464 586
130 287
524 631
203 111
339 442
919 268
188 29
649 251
735 998
450 835
234 154
717 404
295 254
319 970
137 320
145 816
1000 652
212 207
244 843
43 145
375 262
57 824
160 679
921 244
377 87
524 531
947 274
867 474
368 407
764 673
638 735
351 84
575 113
729 7
514 438
581 702
337 757
618 105
879 286
138 264
387 443
906 531
514 912
319 185
233 963
842 265
841 533
527 336
693 920
893 158
413 539
181 495
924 673
325 414
370 1
136 231
434 815
595 193
503 528
109 540
964 645
308 761
227 630
64 17
559 753
257 869
619 761
603 824
876 547
448 697
950 101
145 214
232 405
381 562
641 842
18 637
657 127
560 809
687 658
734 760
934 267
605 626
598 570
691 764
198 453
281 611
389 511
787 556
810 220
172 780
814 599
20 523
299 954
121 462
323 403
958 570
322 527
78 511
655 435
942 732
247 46
533 280
309 558
229 364
280 455
391 116
929 578
943 725
394 759
445 553
973 875
654 930
96 833
151 204
315 644
708 110
907 262
874 996
376 427
760 749
934 895
675 711
196 352
319 544
366 506
285 239
248 746
742 234
569 723
396 556
981 673
746 402
991 3
767 938
896 233
859 253
883 349
875 244
459 906
864 918
391 39
237 792
359 748
961 4
723 128
491 21
117 499
995 209
588 479
115 529
829 361
430 145
359 231
837 2
982 590
859 85
788 498
563 231
316 926
503 352
752 890
813 807
902 723
175 881
339 379
819 820
489 471
148 375
247 57
298 793
335 1000
791 266
585 404
114 425
335 760
677 644
623 743
972 908
802 455
876 508
214 835
688 66
243 476
811 749
38 57
615 345
525 308
310 364
606 66
493 137
194 216
782 583
420 926
840 585
257 620
317 344
45 796
594 614
867 365
980 327
513 312
622 99
909 110
950 811
707 320
986 52
76 680
302 188
719 201
189 59
547 462
351 832
555 66
362 292
909 486
145 917
23 718
318 401
844 290
488 544
8 697
625 922
27 525
940 616
360 337
943 801
561 774
854 406
423 807
148 504
750 8
610 831
185 570
952 40
88 377
25 17
317 833
200 417
403 495
426 271
435 761
148 718
540 36
548 313
810 391
841 971
854 644
590 349
648 158
584 188
332 629
607 446
361 511
844 957
353 990
731 555
258 835
60 962
444 862
145 9
596 90
675 770
25 316
419 256
894 482
933 971
401 922
278 938
26 31
448 80
746 629
225 711
564 861
322 511
181 919
82 35
932 276
735 980
172 826
730 878
309 522
46 630
848 525
933 171
68 163
120 544
9 931
979 372
827 858
285 293
513 293
34 732
497 461
130 642
530 9
118 4
331 491
776 438
468 354
607 743
522 266
309 752
160 831
224 610
34 30
807 725
822 816
186 47
534 962
118 366
423 771
295 564
202 787
908 386
468 200
67 10
355 823
331 754
747 265
535 890
605 142
330 29
300 554
924 775
533 907
327 21
993 830
211 24
744 261
848 816
537 235
364 796
357 276
274 472
430 198
225 286
921 796
375 499
339 313
571 837
452 179
340 90
45 222
32 679
178 185
622 628
371 742
738 451
413 940
661 633
822 344
321 954
687 12
242 832
355 244
277 519
288 417
319 82
617 948
299 331
378 20
359 652
36 324
126 594
738 287
935 162
94 637
923 824
415 201
240 12
112 646
366 567
58 603
419 998
508 21
102 188
538 593
216 195
644 386
612 820
715 757
298 123
746 366
638 740
651 896
945 174
218 71
528 772
115 499
805 572
173 330
795 680
876 847
389 504
949 531
363 71
720 751
963 714
841 333
936 896
646 68
691 7
397 340
280 197
997 276
117 13
434 914
818 1
513 366
672 388
302 517
215 983
229 662
360 946
126 760
953 843
236 162
468 645
624 556
393 261
243 968
848 35
392 495
814 578
513 455
82 774
56 159
532 483
500 68
686 669
298 112
344 504
909 511
924 541
378 264
947 546
61 701
504 5
154 689
720 728
58 308
62 131
901 890
167 532
563 938
617 600
867 686
33 549
8 838
436 515
699 108
181 942
251 343
603 903
617 136
205 778
140 822
847 407
493 77
921 700
122 583
394 125
769 562
8 113
386 824
777 562
432 57
279 890
756 720
41 849
178 181
94 440
117 875
221 54
634 142
765 711
75 46
485 232
139 779
438 526
540 626
63 24
538 319
688 903
135 739
326 519
889 724
172 421
36 106
239 616
919 86
894 477
418 937
253 763
711 779
362 958
904 490
780 888
819 900
212 693
99 530
553 967
590 39
715 750
1 216
792 614
80 343
377 491
236 821
623 975
69 705
25 947
19 954
761 402
814 799
468 732
190 936
13 699
953 315
440 495
69 306
595 200
836 812
696 719
177 460
186 172
904 472
630 90
211 774
464 204
62 236
761 766
476 138
454 337
318 967
184 983
877 631
189 640
135 584
194 716
164 580
882 856
905 448
401 883
547 403
155 881
746 216
738 103
577 901
943 438
734 960
300 916
288 533
59 890
117 937
564 826
599 887
853 928
708 472
839 250
389 374
943 255
832 602
698 543
866 714
944 150
943 539
222 890
489 193
307 94
298 738
513 436
779 400
319 710
146 105
218 753
275 1000
58 445
817 701
898 478
516 231
787 770
728 908
801 142
651 707
560 127
491 659
562 958
979 623
550 345
109 512
58 775
23 959
379 627
845 984
278 170
178 288
645 368
359 668
635 913
124 447
756 495
782 938
210 631
164 754
973 296
789 695
109 956
243 471
65 456
333 29
782 975
513 236
425 616
285 503
25 964
786 601
891 628
534 294
301 584
568 272
69 760
196 914
807 663
244 673
466 15
776 306
524 473
681 507
948 895
96 14
537 591
665 975
22 567
571 418
620 447
264 410
708 644
345 511
199 578
326 818
300 396
790 214
977 514
153 710
726 228
178 453
863 990
118 9
348 637
747 812
14 94
670 29
107 667
173 704
597 683
746 697
171 327
649 311
856 35
413 536
971 402
738 727
354 833
357 814
726 716
185 491
313 517
948 678
788 645
56 343
624 478
357 430
461 74
282 701
848 799
310 325
117 754
320 306
394 938
715 233
341 654
101 106
445 256
91 371
199 531
640 245
467 222
859 495
376 65
33 748
252 919
566 40
657 238
886 437
374 142
740 195
912 280
638 719
324 209
205 546
14 901
980 914
753 1
422 505
413 863
934 219
577 522
741 975
422 206
347 131
755 923
654 328
798 28
215 498
608 755
865 812
677 69
571 897
960 308
246 258
282 14
817 871
788 313
541 962
45 666
22 820
205 549
641 278
706 133
58 567
905 896
970 960
485 490
281 990
985 479
541 483
587 5
389 383
624 588
68 753
361 308
920 174
954 878
668 71
349 888
815 633
763 352
646 69
279 2
907 226
642 562
338 224
299 760
186 844
911 584
817 6
563 105
986 89
34 750
383 559
432 20
344 823
335 469
858 400
738 881
192 327
120 677
193 457
747 306
964 961
189 759
538 851
548 385
225 667
909 113
292 142
675 261
661 505
537 524
532 242
624 536
525 759
578 850
310 933
758 388
537 959
961 241
307 825
496 278
281 226
692 943
945 124
795 787
25 360
636 974
12 169
302 206
234 830
333 498
639 86
665 505
955 222
645 322
141 130
521 803
575 290
938 169
879 861
949 737
323 535
733 543
650 970
880 602
754 329
111 679
375 151
384 724
434 360
961 327
291 424
393 352
261 421
815 888
740 602
124 427
593 482
903 169
943 349
384 188
567 731
751 265
211 336
97 468
898 799
889 82
419 321
198 851
210 811
738 320
321 470
293 838
803 204
850 974
791 276
13 388
170 287
833 962
397 407
68 591
318 296
453 717
621 171
840 531
350 219
650 512
168 221
810 69
946 570
499 773
969 550
934 851
893 112
688 192
647 446
137 312
84 540
500 576
173 598
797 992
862 251
192 516
863 570
789 219
28 547
120 427
588 330
395 418
622 639
205 510
103 701
893 927
760 39
198 663
409 222
725 922
181 601
891 927
600 427
548 470
873 262
854 921
864 739
236 170
374 837
192 66
856 926
538 80
305 526
38 51
464 850
181 528
981 946
625 493
624 656
99 785
399 574
992 54
335 417
13 131
869 710
85 175
961 842
924 543
947 86
704 885
718 866
492 731
991 578
330 733
41 14
534 108
197 490
730 54
419 853
58 29
428 509
171 632
485 437
965 201
970 98
134 474
277 650
935 263
488 960
428 136
454 21
72 839
746 570
27 366
124 825
542 57
629 88
571 391
641 518
84 727
791 754
383 366
317 246
26 982
648 239
409 170
487 382
784 98
521 447
807 195
537 998
867 345
277 524
338 873
992 697
765 436
344 147
865 599
565 924
525 714
536 975
364 437
905 63
436 684
341 457
205 105
420 330
28 640
73 469
279 650
982 483
474 967
355 213
694 324
324 679
935 718
995 13
10 745
422 360
580 725
145 255
963 626
778 498
86 94
401 379
175 604
95 135
860 76
53 379
864 76
144 594
821 222
378 129
551 326
941 760
694 404
389 437
844 714
598 200
485 833
866 417
918 453
819 284
464 51
459 996
261 32
808 856
177 721
33 116
886 962
646 510
187 207
133 465
164 909
163 974
2 642
58 675
367 60
744 720
85 590
790 914
522 673
613 35
25 321
814 844
529 705
629 188
309 382
633 857
806 735
374 210
964 94
898 408
140 314
786 773
371 905
409 762
351 77
292 441
933 107
720 644
609 800
423 200
560 78
799 352
931 957
97 98
360 26
375 204
563 873
263 479
768 455
199 307
468 561
754 993
619 17
672 764
252 688
666 927
817 962
416 234
509 474
653 743
81 628
371 477
730 799
377 506
161 465
847 36
205 553
137 424
522 271
797 128
546 110
957 340
452 272
313 224
6 188
163 404
624 770
206 429
159 892
316 200
901 204
656 396
182 843
708 506
812 568
371 765
191 234
880 215
415 136
765 783
577 253
152 562
567 216
68 963
811 984
445 132
994 610
952 957
341 562
164 29
206 242
952 233
828 739
50 179
466 697
727 631
178 753
103 865
443 498
378 504
300 616
19 784
450 583
880 235
94 701
103 49
863 303
85 322
304 927
855 748
518 831
677 157
97 719
678 174
274 30
909 957
282 93
159 740
834 743
97 531
621 992
114 283
781 149
952 171
788 32
985 629
22 586
442 390
9 915
690 440
419 717
278 748
41 915
928 566
928 202
458 489
668 483
945 29
181 203
786 837
333 671
598 261
668 447
578 336
487 843
942 235
155 535
906 65
465 741
900 373
580 512
125 741
354 588
53 616
177 678
742 323
176 245
122 988
776 533
344 20
837 883
168 307
737 162
298 305
742 836
464 165
371 695
655 554
964 166
88 857
401 421
430 802
776 514
37 958
465 471
575 203
750 132
277 950
26 904
866 917
220 640
995 800
793 518
889 603
625 576
178 303
513 866
499 562
720 518
617 393
86 591
175 670
953 247
620 361
95 63
947 80
67 855
964 641
954 994
612 129
855 263
236 673
889 775
416 783
806 108
134 942
751 881
443 787
480 739
896 231
440 824
140 329
133 98
326 744
538 115
85 10
754 888
75 662
8 448
846 151
934 714
980 195
880 777
455 887
877 234
345 472
413 531
528 463
864 325
620 709
267 503
256 719
521 212
651 526
553 923
698 840
373 607
949 529
865 752
315 463
301 387
932 531
818 865
645 400
68 828
70 335
853 220
202 320
41 806
974 391
591 724
317 744
367 675
45 901
325 691
995 758
896 578
768 162
935 878
252 391
863 556
299 343
814 960
175 912
381 22
101 535
519 957
807 840
196 482
538 173
478 774
44 627
243 43
989 402
727 586
215 997
692 840
176 850
734 658
362 547
732 759
293 233
393 931
860 287
880 796
450 774
130 507
687 527
556 701
101 249
130 447
883 221
81 7
933 243
795 200
964 343
546 993
96 344
257 787
841 855
795 43
13 219
819 402
40 806
221 884
703 755
524 665
573 270
947 296
416 327
548 483
598 259
785 432
935 17
96 927
1000 902
648 983
656 815
566 584
532 105
469 382
350 758
247 260
114 233
950 539
980 54
159 317
663 74
133 204
532 839
589 913
772 596
146 834
152 745
279 863
65 586
347 569
906 144
234 857
16 567
948 938
449 491
332 507
44 644
548 877
746 441
297 213
672 743
374 739
78 962
951 974
445 467
196 212
27 322
529 311
966 349
735 105
300 446
436 983
973 105
819 329
277 456
459 970
877 573
870 132
164 166
991 232
709 543
85 642
442 535
118 982
475 491
514 691
426 945
545 844
336 535
452 899
840 207
648 996
126 390
624 599
954 39
111 938
380 216
991 850
507 184
791 931
580 906
819 27
119 959
346 26
240 618
436 737
687 338
931 35
415 544
750 94
67 952
563 644
466 707
772 406
374 728
58 181
338 753
934 186
621 210
725 268
846 687
619 664
155 895
612 505
114 852
686 957
177 787
485 377
159 688
839 90
249 812
459 440
911 816
113 290
924 824
499 526
747 597
668 708
95 21
943 704
542 86
941 251
733 384
68 499
789 837
587 211
18 597
19 951
242 245
911 518
557 207
978 931
91 67
109 605
45 659
445 954
317 664
73 534
905 631
305 441
859 155
663 882
773 392
269 385
347 385
97 410
688 733
267 209
302 637
812 158
629 992
208 315
778 382
729 623
129 925
243 892
96 348
683 885
648 720
56 271
629 757
177 862
135 149
481 479
107 293
413 823
386 116
288 527
866 259
367 661
20 673
117 115
389 103
111 684
363 929
818 241
832 632
750 635
769 483
167 804
681 217
18 632
894 142
140 124
409 901
347 506
95 215
477 253
860 686
877 561
895 826
798 555
467 31
709 214
478 719
904 840
212 567
950 713
487 931
728 775
772 411
240 661
505 259
898 909
259 527
318 642
170 833
267 405
864 247
622 643
102 172
130 86
194 823
337 60
519 80
553 404
576 830
598 809
845 108
161 4
176 295
960 709
721 840
624 455
285 834
842 455
190 654
924 93
88 411
613 587
624 365
18 264
248 682
414 463
337 559
224 930
812 684
980 210
59 777
681 668
486 975
868 358
621 567
929 271
853 353
801 158
478 749
576 272
279 725
853 676
835 411
678 993
3 916
696 823
499 873
173 10
299 874
269 567
281 933
102 74
889 195
615 823
909 925
461 449
972 857
609 579
936 961
408 175
70 330
579 802
104 642
253 217
85 271
80 63
550 380
848 540
350 741
202 242
523 474
415 110
977 359
771 652
409 887
58 677
758 450
52 1
131 591
402 29
56 457
827 37
164 981
168 621
267 989
248 518
517 673
346 32
831 599
542 122
575 685
844 502
721 791
669 411
621 671
532 176
981 35
777 77
34 410
971 407
877 183
805 618
292 262
135 219
929 396
489 535
969 610
451 583
755 517
705 490
311 462
133 630
459 484
371 575
334 550
544 796
522 596
27 562
332 175
180 168
938 838
312 142
871 37
72 134
131 718
337 550
409 695
858 610
654 217
41 288
206 306
822 614
753 671
638 506
394 261
533 705
173 87
521 394
240 162
904 588
456 491
138 937
354 892
958 438
191 708
370 834
470 732
466 257
446 719
317 421
647 846
731 93
765 835
979 513
906 405
855 929
64 852
443 473
901 925
906 632
698 39
896 629
880 700
53 728
786 43
688 129
397 358
286 700
636 339
600 192
706 939
476 371
933 363
6 667
496 370
68 659
102 54
978 68
228 105
551 811
523 129
144 701
383 711
792 741
81 868
723 116
298 682
452 515
982 200
898 501
117 750
252 849
344 927
691 826
730 470
452 140
934 777
968 497
956 972
926 66
138 380
122 539
798 238
521 11
177 237
726 890
477 789
782 34
831 824
445 837
687 32
818 450
534 711
341 514
216 29
215 834
797 39
85 340
42 815
335 180
618 358
855 320
277 168
871 204
367 446
387 762
512 875
941 181
134 29
285 870
566 420
301 435
222 856
362 712
867 185
870 925
246 839
433 914
184 999
112 109
83 718
759 31
488 344
475 92
395 268
248 490
334 572
359 607
360 181
112 650
4 261
678 437
558 93
409 906
945 835
403 391
970 585
112 145
847 735
487 333
776 602
323 115
161 685
69 170
70 729
942 685
434 280
880 330
119 188
824 993
310 893
335 337
164 586
172 145
356 723
620 126
943 303
70 646
373 564
322 667
466 869
560 941
985 873
8 882
389 370
586 265
180 600
463 358
373 631
535 824
181 953
74 705
803 875
889 799
236 66
565 66
973 637
591 250
97 346
111 404
282 639
206 377
795 645
240 78
87 306
634 216
812 601
604 913
285 330
607 193
518 684
383 717
927 417
52 611
300 831
64 538
244 927
360 648
821 948
492 335
641 254
386 732
18 207
763 869
805 719
726 614
396 245
334 595
257 493
28 473
559 982
481 311
581 960
127 37
523 268
315 958
445 276
139 536
549 498
487 719
617 344
12 760
968 174
42 682
524 691
968 105
477 102
950 550
396 602
432 87
75 532
837 683
753 693
124 763
285 863
624 918
702 463
672 479
229 759
391 289
223 211
302 478
8 219
964 856
352 626
846 420
903 739
837 549
22 101
370 659
59 39
853 668
785 498
112 438
59 506
103 437
469 472
793 393
648 417
624 630
760 614
25 91
520 840
532 35
929 288
467 562
259 623
661 703
472 511
117 791
945 203
271 227
678 94
721 351
285 140
706 382
190 292
155 585
482 65
913 616
12 402
990 457
451 509
160 73
73 154
899 961
451 312
244 404
459 978
442 539
350 562
519 938
986 421
524 724
978 804
513 179
757 631
973 126
670 379
238 506
612 852
607 263
81 854
53 132
821 373
333 662
786 439
911 60
979 671
936 505
114 578
350 812
68 623
186 352
248 227
221 424
548 161
449 594
56 911
532 462
132 411
92 680
223 550
235 352
150 440
652 230
859 994
346 896
83 171
359 806
351 42
135 519
486 156
134 9
178 615
923 659
506 149
112 891
189 250
109 256
986 338
907 228
573 129
23 890
302 992
359 623
586 570
71 403
892 834
390 878
76 7
130 784
459 570
686 891
869 474
886 166
397 838
243 216
97 429
120 862
157 132
359 535
639 891
432 219
899 587
834 289
115 329
855 171
935 448
959 599
191 693
253 976
982 128
169 142
307 938
842 499
723 536
281 318
530 849
658 760
313 759
820 760
578 509
426 195
225 473
301 875
471 739
41 432
168 149
659 554
425 398
640 717
283 147
27 266
561 259
102 606
722 753
110 228
725 966
244 543
426 840
988 607
139 87
639 222
787 825
625 320
181 526
618 799
341 596
906 938
775 582
610 887
656 417
413 365
202 592
692 694
634 703
746 919
851 884
730 441
70 37
173 669
273 555
334 36
451 799
966 683
58 897
27 927
460 54
182 112
211 239
954 475
795 622
813 690
346 168
196 875
185 455
534 296
419 55
221 110
148 879
725 214
59 38
40 550
418 704
606 457
869 286
694 81
607 280
889 666
45 474
379 915
4 762
861 570
58 468
962 592
59 150
531 209
806 761
498 570
399 935
966 632
167 661
722 501
973 796
744 108
166 610
243 173
811 424
566 230
987 280
250 628
785 330
712 998
986 418
411 289
99 516
829 923
63 601
8 254
772 697
522 17
551 630
491 441
220 931
40 104
581 398
918 197
208 88
33 644
450 449
551 809
756 661
317 439
28 866
153 105
584 980
528 549
58 542
677 332
252 887
638 678
75 701
208 574
236 324
131 999
982 652
403 108
84 667
744 999
643 796
520 30
425 680
311 327
545 496
185 498
222 556
634 428
986 770
564 385
398 388
357 549
875 57
584 15
439 749
223 170
423 873
559 732
666 465
798 708
492 287
478 287
848 604
694 750
439 631
776 724
417 890
859 845
550 865
514 380
529 997
53 601
730 219
205 997
215 713
788 67
908 760
45 690
12 479
941 219
920 749
277 832
414 158
898 750
730 724
772 910
682 328
753 440
721 642
573 289
880 598
282 100
445 540
623 673
236 169
942 844
95 586
469 417
998 976
700 884
176 211
139 500
569 978
413 654
513 819
609 262
758 608
869 602
135 888
95 575
145 47
101 888
481 429
439 469
71 233
691 991
281 887
700 716
232 761
999 669
6 752
893 260
986 958
130 541
677 312
827 100
818 830
856 693
661 774
223 874
553 35
956 216
859 500
867 643
750 402
893 304
468 385
952 810
339 835
27 505
279 60
301 832
83 920
342 614
94 749
436 384
112 144
229 741
624 331
91 934
269 769
389 82
476 340
696 915
985 390
677 51
801 835
273 582
40 579
960 570
675 529
682 156
982 809
991 838
412 774
503 602
606 683
118 169
518 783
939 483
620 384
346 720
52 710
384 328
449 824
330 438
781 231
772 769
444 804
879 114
124 30
115 289
135 31
676 260
156 887
302 844
822 674
951 270
778 66
73 402
419 412
985 490
302 655
189 760
482 690
808 815
288 663
862 424
574 549
997 541
782 599
376 724
779 940
199 24
642 209
925 195
537 341
797 283
119 110
968 620
392 724
508 553
797 949
159 409
932 22
171 697
672 718
777 324
81 754
186 189
462 217
436 574
385 664
700 386
899 612
239 174
972 166
297 849
703 654
429 262
299 920
476 986
723 689
969 818
864 822
154 428
788 384
281 99
445 86
240 596
39 116
89 247
734 796
876 895
332 708
497 607
129 792
960 722
605 749
363 101
64 327
802 385
341 658
937 427
253 761
321 897
620 999
715 437
444 32
273 21
346 585
649 889
21 873
452 726
257 294
315 482
507 557
197 312
934 171
781 468
65 830
301 830
901 461
279 950
453 764
221 743
604 37
163 546
423 733
286 652
801 239
435 131
76 575
497 90
178 880
545 532
286 263
587 509
663 88
182 253
140 355
248 462
11 540
928 354
148 865
979 165
169 526
286 74
176 586
326 502
326 328
785 728
422 265
797 59
653 254
273 600
970 562
514 211
528 854
16 771
820 663
202 307
619 626
619 831
548 486
975 495
782 487
837 330
401 517
591 887
934 262
728 35
547 224
118 909
383 924
313 529
768 114
648 216
902 553
139 455
489 705
750 169
637 824
723 999
168 457
422 416
143 286
677 714
811 531
183 993
767 502
9 967
451 661
455 209
748 142
848 447
316 700
79 471
782 390
40 882
248 398
40 904
675 694
492 363
50 300
305 406
682 770
131 46
513 146
433 386
919 510
753 272
521 810
126 17
855 602
519 393
438 149
674 227
561 921
420 825
753 443
631 262
617 659
675 907
768 956
413 126
653 250
241 305
949 15
827 261
851 61
69 15
894 889
375 816
13 288
763 834
422 806
521 926
942 808
75 947
197 472
675 122
480 811
898 619
153 125
54 997
326 923
344 702
367 905
318 584
951 195
43 975
418 688
768 535
748 628
301 618
91 48
837 54
765 477
868 611
853 333
196 942
387 471
53 22
736 287
453 526
459 949
11 827
727 327
751 541
960 539
203 659
572 518
697 549
233 35
253 502
316 989
690 526
508 509
99 754
398 599
730 618
182 686
970 210
859 280
552 382
803 17
367 884
767 806
951 280
257 582
395 166
615 549
744 904
373 787
246 587
310 211
400 265
484 338
398 254
945 719
439 38
124 668
934 36
433 555
863 92
961 662
117 2
650 910
907 957
964 359
730 233
53 691
900 288
225 845
246 65
576 207
443 693
22 563
279 660
860 644
120 416
815 249
785 664
246 586
259 290
192 293
150 628
104 224
357 81
932 467
293 263
63 539
450 358
839 386
433 494
181 653
33 645
585 61
814 19
82 39
929 570
876 348
641 125
263 272
600 379
775 938
905 15
767 222
348 882
968 772
491 976
829 494
820 390
617 388
264 770
120 517
248 689
807 450
418 471
994 974
136 398
893 882
253 264
89 354
62 147
961 680
285 860
390 405
180 765
96 756
839 126
95 671
327 207
33 907
172 684
126 885
619 869
968 354
648 137
378 709
675 904
481 682
407 915
353 321
925 239
112 549
336 749
667 739
285 102
776 697
681 558
600 564
161 686
332 539
514 306
677 507
503 443
91 555
758 931
728 690
581 561
889 633
532 80
290 287
693 188
400 489
767 272
597 629
551 512
813 204
638 895
551 688
196 287
94 195
12 72
877 212
522 588
160 733
246 645
582 201
721 332
766 231
309 264
19 990
436 549
476 711
414 386
762 971
520 497
210 286
375 872
848 831
72 8
210 586
431 145
358 216
798 128
648 604
902 265
112 811
178 810
707 465
230 626
531 774
121 84
767 812
519 631
633 884
184 266
112 261
817 905
730 650
973 435
622 494
793 256
636 176
827 773
950 731
99 959
56 726
876 125
620 553
122 948
124 113
965 506
961 745
668 9
76 728
43 927
103 165
690 384
30 700
4 831
624 999
218 710
79 63
10 88
192 448
135 909
371 328
718 31
465 55
745 48
133 403
671 606
953 626
725 171
191 94
514 467
161 216
762 716
797 254
461 80
935 549
301 733
702 957
476 10
689 254
376 169
613 699
210 260
388 770
898 632
274 287
127 57
512 816
692 445
199 144
134 284
649 366
649 856
15 29
359 500
233 616
548 48
274 467
994 149
641 508
615 55
461 676
744 368
164 572
317 720
79 128
64 502
111 799
9 142
960 470
78 402
771 292
569 259
45 804
374 707
71 222
778 616
217 826
115 463
534 157
669 32
746 858
768 874
124 654
140 301
792 599
451 460
270 985
