1000 10000
911 699
293 662
615 100
181 443
636 688
391 402
444 334
47 464
453 588
868 821
116 565
629 194
390 229
57 803
243 952
256 472
647 980
387 564
512 348
481 124
894 749
363 838
803 895
573 729
741 445
408 697
696 190
13 545
24 253
428 436
907 496
82 23
234 713
179 515
871 307
811 142
280 272
909 866
651 158
283 411
470 77
26 6
991 836
139 97
152 245
696 757
243 62
880 689
69 836
303 434
930 572
411 61
603 707
146 574
31 990
865 6
902 185
469 217
393 861
548 906
468 441
338 65
747 213
538 574
394 497
62 886
179 437
623 653
203 475
579 253
4 368
725 778
976 464
894 395
714 940
737 791
796 973
343 215
149 876
891 753
336 680
733 483
777 533
181 607
180 703
131 67
531 43
519 452
170 163
891 137
543 272
148 194
952 816
905 315
966 421
21 178
608 550
56 244
456 562
201 425
72 19
760 309
637 513
651 665
841 277
163 685
169 628
888 617
938 303
844 481
785 94
403 307
114 241
387 980
846 327
234 461
40 244
297 372
822 620
672 861
122 426
609 16
239 291
720 660
426 701
276 151
406 602
451 949
599 208
52 678
777 26
569 395
123 447
517 23
887 954
437 813
868 753
271 875
478 699
966 483
705 132
881 36
647 83
431 996
469 990
984 456
803 363
229 688
345 486
339 233
296 74
897 1
199 779
927 560
262 117
575 227
549 873
426 511
71 471
661 590
264 353
824 164
648 169
62 714
892 18
484 143
717 213
210 892
148 87
554 190
707 69
470 689
878 940
582 397
737 532
765 36
950 724
422 532
741 362
536 631
250 198
784 248
85 784
707 700
276 690
121 883
648 864
726 709
293 462
298 639
192 527
161 517
590 999
190 913
352 998
565 22
343 508
773 267
827 321
991 995
236 202
304 240
757 551
674 470
113 780
456 965
455 772
680 708
627 526
531 660
11 995
289 374
867 330
778 950
110 172
878 252
219 615
840 807
240 874
199 782
445 613
715 272
438 243
878 786
824 291
492 739
548 469
624 190
446 122
47 325
926 452
68 687
874 400
216 818
705 735
686 903
39 590
601 746
824 225
302 369
694 356
177 729
946 395
534 343
321 430
631 436
19 913
185 703
23 639
484 136
460 300
860 839
462 194
850 529
265 218
261 990
211 836
840 114
260 250
912 966
635 321
682 72
465 205
149 751
350 847
571 671
991 421
964 348
603 414
566 832
721 41
804 80
13 830
337 709
41 917
808 400
678 169
370 366
242 539
352 670
541 742
673 30
126 550
687 120
657 710
783 774
718 428
143 770
390 6
665 452
681 918
482 373
792 42
655 740
739 997
163 684
21 20
454 195
121 449
28 933
530 483
204 380
781 999
790 582
657 97
121 464
511 281
339 65
759 670
520 869
581 553
289 205
725 919
59 372
143 646
691 261
892 512
963 668
896 72
115 776
763 59
374 537
268 827
135 195
956 452
760 432
872 366
103 318
359 272
743 70
897 774
8 447
622 917
9 239
700 66
315 274
262 503
586 204
680 639
783 496
636 313
306 395
387 985
257 347
890 894
527 419
484 160
110 675
510 382
757 711
966 401
876 452
332 688
285 471
787 148
874 750
625 398
249 939
804 160
814 144
163 932
21 481
551 718
610 562
589 736
258 273
822 690
314 163
278 35
730 398
63 545
919 127
550 677
634 190
765 604
246 774
895 318
941 626
704 562
332 70
206 23
24 47
791 74
743 324
102 955
4 815
510 628
519 252
905 515
558 341
491 916
124 347
815 217
856 749
600 465
424 797
3 337
840 588
241 713
842 40
705 8
323 856
695 170
364 938
207 12
846 530
842 541
632 541
606 375
261 770
832 94
938 200
765 351
317 530
424 139
884 151
961 167
894 447
879 358
930 423
737 226
608 478
324 563
319 309
155 349
919 653
437 159
969 795
490 773
466 43
19 997
936 431
996 300
457 977
36 439
258 966
638 426
55 524
383 709
193 34
25 590
336 384
373 399
654 789
370 663
84 960
777 700
538 516
204 518
374 427
624 433
530 205
755 221
264 248
637 462
469 965
355 33
624 151
651 103
956 701
788 445
540 421
97 683
149 797
815 517
609 937
202 191
597 357
814 873
853 659
869 77
681 848
644 684
378 980
857 244
570 27
132 634
521 776
658 656
711 256
88 553
3 217
44 810
697 414
531 83
991 909
921 162
257 320
661 124
754 843
222 77
858 968
257 62
488 40
629 200
413 497
254 550
576 851
540 373
114 354
631 430
615 67
355 1
775 680
246 281
942 71
568 532
759 801
596 819
881 77
13 800
490 744
222 415
543 50
44 148
929 86
904 782
815 877
7 220
252 237
748 752
413 14
9 807
9 549
145 30
650 653
717 246
278 198
569 220
942 678
600 563
426 877
48 699
521 181
759 982
232 331
775 687
498 499
696 517
123 641
91 259
866 146
435 251
479 120
753 409
625 639
725 962
488 220
763 176
264 109
217 776
623 630
447 365
22 87
501 319
121 507
993 686
368 604
782 702
846 275
305 729
394 79
846 390
544 958
39 992
794 439
515 160
863 694
137 233
952 205
16 873
267 396
545 295
165 130
436 141
763 163
924 680
592 965
113 60
443 990
50 134
686 201
444 638
395 791
559 309
219 253
963 484
443 865
216 851
312 903
790 51
596 673
828 330
242 111
235 720
269 193
929 73
29 59
179 992
810 562
260 433
478 516
719 496
935 783
960 585
96 870
596 526
191 354
132 574
571 635
383 114
36 807
929 397
888 702
808 91
528 186
360 918
538 266
625 972
457 966
85 374
941 147
760 447
587 899
232 240
731 263
16 183
953 481
944 613
836 874
783 965
763 478
177 35
881 799
194 274
424 241
377 990
617 137
624 418
733 742
624 2
172 439
721 81
406 785
579 872
533 774
405 914
667 902
935 400
168 434
765 229
865 689
771 100
958 614
419 27
48 272
596 578
568 641
257 683
440 58
82 838
498 261
969 101
882 769
76 837
960 773
207 365
893 783
173 33
328 498
682 875
437 703
624 930
137 977
60 327
435 221
546 799
336 913
242 494
503 41
110 205
582 357
324 940
411 885
755 80
998 955
138 251
573 366
482 471
412 342
819 119
978 862
682 568
402 273
631 572
84 991
603 537
340 98
523 448
208 784
786 432
765 249
874 860
405 61
238 707
9 780
90 935
355 570
918 931
554 735
128 140
489 949
193 279
667 540
862 74
111 210
536 407
755 552
267 774
393 404
523 384
804 642
492 337
211 784
571 710
381 539
447 529
239 369
805 726
103 137
324 685
575 891
788 241
306 650
495 845
238 442
910 530
998 310
232 865
637 227
833 869
25 870
934 18
379 758
870 23
567 794
2 810
424 146
179 85
329 900
108 246
80 56
591 922
716 46
320 452
286 675
902 855
490 29
268 419
411 220
44 525
549 955
54 404
338 425
825 216
754 790
622 714
390 130
338 957
206 584
498 259
882 689
852 978
861 684
516 496
226 420
19 980
771 455
695 123
226 401
912 128
88 41
60 164
228 629
813 536
47 414
90 233
474 30
973 516
135 337
539 848
944 216
534 35
875 975
870 76
64 685
697 130
458 221
176 887
762 714
667 869
802 273
487 588
132 904
707 517
919 710
461 524
1000 774
381 66
902 910
911 336
160 700
866 761
235 784
145 119
651 19
358 702
127 497
556 561
733 726
632 187
410 45
275 650
667 926
469 45
57 914
927 939
927 299
285 646
3 475
586 167
231 562
426 908
446 904
565 549
815 295
519 603
686 407
269 854
923 344
836 362
402 6
820 427
956 662
651 972
340 360
459 755
333 346
391 392
165 150
835 943
342 918
289 112
422 246
499 420
444 708
645 689
78 196
276 779
871 378
717 973
457 452
690 931
674 817
938 339
619 49
620 448
993 35
936 559
773 595
295 282
423 783
667 774
767 236
938 203
317 899
290 317
501 798
138 40
625 298
845 712
890 302
693 860
174 451
902 223
620 653
571 566
743 439
941 871
370 812
658 311
579 232
58 774
976 390
867 957
668 496
452 188
52 191
970 203
8 91
383 861
830 642
552 1
521 328
884 200
147 535
536 611
488 798
657 712
763 957
934 948
264 151
218 318
533 281
451 981
888 764
745 514
765 864
504 344
615 535
176 293
326 105
586 245
554 748
764 343
507 975
911 694
169 848
495 659
271 871
830 129
796 150
132 845
371 229
455 229
45 465
242 238
817 641
226 958
631 432
957 97
697 582
453 989
888 393
310 241
942 552
614 104
881 728
109 663
935 981
876 907
881 278
436 26
630 210
850 989
993 682
810 736
593 201
719 80
715 386
748 101
601 718
163 644
850 397
264 502
719 549
152 249
986 250
777 42
967 67
575 918
474 136
757 111
556 642
905 370
719 958
928 795
682 556
71 386
425 975
807 43
454 823
480 877
219 112
31 76
456 974
194 522
221 397
825 334
342 517
661 684
748 223
532 38
911 280
83 221
680 244
569 417
380 220
953 633
83 30
236 869
625 369
69 588
637 150
921 122
678 778
719 515
446 478
946 295
781 62
912 318
175 237
126 916
338 354
507 300
428 245
121 948
722 711
320 58
306 155
803 511
501 773
894 605
861 517
10 150
105 665
412 926
711 409
251 95
125 433
395 685
2 561
554 595
143 710
783 20
93 320
315 925
519 671
1000 895
1000 74
169 316
218 960
895 205
767 312
262 580
853 677
138 603
468 942
424 341
160 914
340 735
476 401
594 756
62 997
626 77
903 425
323 205
535 485
515 350
204 990
447 384
777 560
418 104
793 720
250 577
775 716
492 427
252 454
777 847
179 744
186 860
802 935
174 922
100 962
840 165
241 404
963 696
815 46
363 562
68 732
333 391
484 394
628 386
358 327
342 602
622 816
938 222
237 450
377 388
737 56
211 892
636 546
139 631
597 186
34 418
583 981
766 66
648 318
658 852
672 481
1 75
353 277
900 49
412 142
946 619
755 26
844 943
589 585
857 660
227 891
264 797
633 342
734 183
690 933
353 137
886 684
755 34
586 29
423 663
494 891
311 943
50 530
988 740
343 442
381 261
930 415
9 286
667 914
25 503
965 710
658 229
716 58
492 325
930 856
554 607
897 628
730 203
941 213
290 249
448 706
359 487
725 381
785 502
507 814
149 386
954 328
653 524
692 287
155 386
816 481
532 86
543 808
746 432
875 103
747 360
94 95
11 735
84 950
621 154
627 592
690 287
298 175
536 759
707 350
633 33
290 539
752 141
446 547
957 510
454 797
213 259
208 249
593 377
801 194
860 746
545 733
178 288
4 833
494 263
740 34
313 844
1000 959
353 220
338 493
762 639
944 975
448 182
145 298
901 450
219 442
805 998
800 564
722 286
226 233
941 524
60 215
730 569
371 564
369 185
29 94
314 982
328 217
252 199
85 795
958 397
435 961
494 466
850 160
250 159
717 662
871 481
417 169
967 511
545 335
501 392
868 918
462 552
544 703
490 589
286 297
458 794
176 198
670 834
321 273
644 288
319 940
352 590
663 125
528 561
722 256
519 389
777 334
749 344
852 774
208 504
788 660
275 274
815 539
967 281
69 362
17 365
353 617
953 789
5 385
387 773
610 266
853 347
778 709
90 741
491 866
619 952
842 288
587 409
759 967
548 877
476 465
128 194
527 576
570 442
222 513
715 349
847 288
557 171
927 967
528 42
374 220
371 236
782 478
813 258
600 995
935 247
393 123
625 65
290 943
161 281
207 328
235 266
704 699
523 309
658 474
984 326
279 147
616 899
78 43
143 562
51 220
525 288
218 122
439 42
226 944
278 357
192 167
417 335
297 716
808 706
528 171
24 119
305 280
924 102
28 253
863 433
806 433
436 309
149 329
394 277
890 715
887 441
292 187
962 274
771 559
343 430
509 256
619 772
903 839
190 713
551 979
236 315
132 160
398 958
869 862
3 723
237 892
980 526
597 401
593 255
929 471
849 617
571 785
661 429
754 431
490 373
824 180
827 345
711 6
304 556
321 185
97 847
901 65
236 154
347 854
616 450
486 931
476 938
298 349
878 465
43 472
714 838
539 255
609 168
909 604
160 66
67 420
969 512
345 831
739 702
495 665
490 297
692 689
867 465
153 205
312 525
494 794
391 588
150 819
454 869
364 574
609 327
877 104
599 38
153 37
494 384
649 365
932 37
797 770
4 879
658 900
2 403
751 366
479 753
856 443
600 603
476 543
739 193
640 87
655 789
228 67
905 139
888 909
473 932
523 66
501 109
136 212
692 607
802 823
168 896
453 261
706 233
138 166
606 299
146 906
601 431
717 986
298 427
586 275
489 476
114 187
976 580
145 213
168 87
251 931
477 397
928 79
13 332
952 646
186 947
663 425
722 539
109 176
407 379
878 113
391 462
221 66
737 322
557 402
118 614
376 882
600 135
819 388
853 540
162 614
945 61
194 335
813 46
933 447
326 226
284 416
566 716
631 595
253 295
411 80
88 884
193 429
623 67
373 774
815 318
170 998
184 552
987 79
531 130
115 513
810 640
938 1
632 107
823 524
395 439
364 438
381 702
22 280
352 979
957 621
377 522
730 470
57 825
749 249
968 225
690 914
490 665
569 66
151 287
723 940
793 331
705 382
721 309
151 463
846 920
287 436
446 765
609 539
249 231
249 315
678 102
656 974
437 154
605 974
246 215
755 830
423 73
179 376
635 575
55 877
769 251
143 626
75 213
554 861
884 107
117 629
674 515
422 133
172 22
608 316
817 875
888 464
705 34
353 227
657 376
31 404
199 386
971 724
573 470
991 367
936 233
779 483
584 463
624 746
881 758
247 378
350 403
45 146
428 511
585 241
641 308
69 250
668 669
864 518
270 776
845 172
833 386
176 319
534 47
26 549
939 559
655 748
222 614
321 797
602 73
582 303
815 492
745 102
545 320
264 757
101 309
576 680
589 146
299 728
234 833
315 892
959 346
737 332
870 432
197 916
54 275
942 251
304 243
477 231
68 90
956 595
579 665
243 864
270 483
89 391
491 386
647 652
792 191
44 562
853 324
484 724
149 561
692 404
838 535
935 361
467 748
510 483
38 70
904 225
525 470
271 508
520 788
664 136
775 266
278 728
177 178
546 468
315 130
859 293
293 448
7 386
881 375
997 513
615 120
829 33
620 798
664 824
886 137
339 848
17 12
105 900
897 267
955 848
544 785
705 502
174 512
405 65
169 384
556 9
490 532
781 543
265 606
964 320
431 382
426 75
391 995
576 147
964 499
773 251
697 665
736 195
143 623
719 390
777 22
743 300
59 950
146 361
427 396
867 292
882 183
667 861
867 248
874 154
575 339
952 834
321 209
270 447
7 507
353 429
113 452
739 400
247 307
132 616
105 736
699 720
209 795
203 855
476 894
363 445
659 71
860 611
540 949
387 658
946 556
403 134
460 854
352 59
874 786
223 402
543 161
589 190
469 309
754 797
423 886
398 707
364 776
920 854
406 972
80 316
478 75
112 26
714 167
822 244
478 256
568 62
473 605
806 409
707 15
143 699
665 814
541 361
62 388
765 314
186 855
293 877
34 675
332 771
238 208
479 76
360 639
636 345
387 636
298 420
894 628
224 925
343 272
836 818
970 595
826 353
695 180
360 32
15 267
44 952
195 553
721 382
772 217
304 955
956 739
649 640
304 320
15 144
393 606
284 885
415 937
495 991
170 679
8 317
255 134
545 520
811 945
748 761
583 954
124 320
929 66
737 884
129 274
912 718
510 220
165 841
951 400
189 885
586 723
125 475
458 222
393 414
484 209
744 165
745 860
658 792
113 223
527 472
656 125
557 73
46 188
124 836
851 233
458 153
931 602
809 239
679 404
487 524
649 245
738 176
142 676
867 472
785 136
488 640
971 172
884 273
732 2
168 966
649 399
118 298
625 118
132 122
166 889
825 715
593 21
891 157
450 974
579 375
470 917
648 313
89 491
445 983
580 639
492 203
864 363
730 665
622 259
566 462
457 262
28 935
413 414
890 832
860 660
25 866
879 627
960 302
915 413
862 327
218 319
44 211
16 421
780 818
283 858
720 220
878 837
489 630
692 880
105 923
391 576
33 999
721 334
690 751
186 69
127 983
100 182
935 570
884 447
894 269
805 89
898 680
994 81
111 455
804 578
973 279
680 526
871 206
15 74
505 209
732 203
926 350
671 617
468 553
823 976
896 683
900 470
609 161
874 144
924 656
474 586
558 325
986 922
452 99
383 441
55 766
653 770
329 27
598 217
404 713
267 869
63 525
286 282
268 26
760 799
519 113
567 225
893 749
168 869
431 133
251 167
691 295
455 670
312 547
323 103
551 939
469 270
962 272
608 631
777 549
650 831
223 509
495 106
88 641
73 689
603 669
64 918
856 378
165 237
486 401
675 188
486 641
898 499
311 603
238 204
459 535
286 181
944 539
305 845
498 32
33 835
19 56
693 176
707 950
868 196
440 197
632 347
567 638
339 712
234 542
484 659
173 32
864 499
823 253
258 209
261 680
408 859
915 805
481 965
492 36
9 14
68 773
612 409
778 644
433 992
322 980
152 613
85 161
903 148
38 472
268 520
810 136
565 746
437 825
177 710
595 130
963 325
235 923
218 30
596 542
257 293
315 187
616 715
730 190
415 366
704 748
557 261
350 267
258 923
311 852
331 46
945 348
899 906
465 533
658 917
298 255
15 93
760 653
39 613
603 15
329 613
295 212
827 980
821 703
338 291
600 981
236 895
419 683
282 683
544 950
540 154
139 827
340 430
374 664
454 389
899 183
374 666
902 42
824 373
811 18
347 526
257 22
699 62
883 982
792 833
815 981
262 628
55 978
778 240
28 798
314 577
63 186
732 270
117 524
725 961
490 343
54 371
816 684
145 48
670 240
990 27
519 334
884 529
691 846
757 745
510 517
390 886
304 221
523 237
239 785
90 94
823 188
88 936
820 854
787 889
544 864
444 970
422 156
469 985
422 249
738 586
531 807
813 772
904 12
880 251
193 273
156 344
490 561
844 862
210 806
592 712
644 357
664 297
196 62
89 327
44 112
478 439
565 241
620 648
149 432
4 460
113 983
476 261
169 943
516 553
971 809
451 527
490 931
106 103
145 877
350 997
988 680
443 321
121 596
447 995
298 574
253 750
80 26
260 228
51 883
695 738
349 244
458 102
395 165
346 562
340 722
527 866
59 526
640 43
780 652
146 944
90 491
94 366
922 783
9 470
434 706
630 70
482 762
857 839
426 959
185 87
434 308
585 989
135 852
973 384
415 512
115 703
775 991
406 83
605 572
304 136
437 317
191 348
548 641
446 856
686 690
31 977
771 273
186 173
901 723
83 190
327 643
972 819
896 310
769 675
648 98
124 351
490 353
960 565
3 925
466 183
76 256
381 277
904 848
780 529
849 75
749 561
519 433
772 533
142 486
678 931
399 940
377 22
467 376
910 362
793 975
204 499
945 613
771 425
254 49
383 33
298 154
871 9
127 683
732 325
117 468
973 800
607 471
531 943
803 644
280 95
29 183
337 93
61 819
268 434
648 967
776 385
752 723
338 795
48 619
346 742
457 924
451 699
780 303
600 526
447 860
766 944
928 835
912 400
310 5
539 955
157 983
260 503
108 511
320 327
113 643
126 385
116 350
258 944
436 49
643 401
489 758
430 656
388 244
461 886
651 841
534 846
277 512
952 403
332 419
275 588
764 672
151 307
229 483
408 528
511 982
781 748
177 396
716 683
287 684
829 387
157 33
732 985
841 239
707 634
390 656
383 516
867 295
320 401
25 146
490 684
54 165
679 923
850 892
649 120
538 716
219 918
677 327
738 655
222 885
231 524
705 360
232 302
564 357
7 38
275 241
606 970
7 449
89 401
514 779
304 691
151 634
54 464
145 783
369 680
150 526
825 94
876 980
625 616
252 923
153 559
198 375
55 95
359 104
810 375
640 564
548 274
364 206
941 931
926 602
894 623
21 119
907 461
649 308
361 914
769 908
40 152
781 343
237 799
142 396
666 379
173 821
447 967
648 589
116 17
126 456
504 847
875 205
79 445
984 8
132 187
781 26
206 679
933 641
808 247
758 710
933 978
816 125
241 851
178 886
129 65
503 774
505 300
886 221
655 86
120 357
747 6
883 656
687 115
301 316
174 178
738 934
872 965
890 701
664 787
952 613
258 759
902 840
298 295
996 642
806 53
950 75
674 219
573 637
310 193
706 854
21 581
933 47
667 46
40 952
306 172
93 562
164 108
40 409
476 665
44 262
571 807
936 978
592 456
481 300
849 977
820 553
298 98
589 215
114 98
759 103
970 789
425 171
391 785
49 982
805 157
270 999
507 136
345 308
918 6
270 900
461 626
603 612
241 248
868 517
29 870
238 608
187 913
68 39
60 749
609 167
787 115
185 389
210 789
191 702
363 263
176 163
556 846
139 320
802 880
52 254
621 464
594 243
92 628
856 353
302 711
894 83
84 728
888 641
633 560
332 132
142 253
825 385
447 353
912 90
469 684
491 838
224 202
697 94
817 711
823 461
540 310
936 329
738 239
224 197
267 141
174 101
488 539
900 279
334 103
991 456
10 108
353 240
142 577
849 813
894 525
333 397
515 880
107 646
235 157
378 263
761 463
811 502
376 852
477 584
730 438
16 35
815 710
124 140
201 460
733 453
164 173
826 103
465 770
909 939
408 745
686 428
993 606
199 302
995 699
70 66
269 914
286 995
651 181
648 83
615 923
458 929
317 662
822 486
664 343
474 212
423 496
218 913
317 328
809 972
313 532
670 316
79 736
379 158
85 188
80 413
952 228
459 151
113 785
15 32
326 547
698 560
174 132
367 714
416 79
430 753
638 758
864 277
234 641
181 30
301 628
953 781
408 630
785 87
266 788
8 656
64 83
97 452
952 251
596 972
930 896
289 675
443 504
881 876
398 550
132 29
189 617
111 356
202 857
541 337
987 73
326 714
902 934
915 261
956 66
348 613
632 723
963 306
165 511
963 94
637 441
163 672
32 981
600 536
124 75
994 104
856 623
651 228
300 263
262 214
380 401
284 890
164 770
310 965
439 982
478 679
468 672
350 409
823 958
878 547
987 524
708 535
153 327
593 190
624 89
469 524
987 313
279 537
752 308
912 119
223 130
747 647
453 656
528 205
264 948
799 27
268 608
5 324
267 735
132 590
880 634
755 195
185 561
622 493
143 415
649 383
934 103
573 680
407 816
682 563
986 679
257 206
123 980
301 61
370 613
519 254
450 357
920 983
105 386
103 281
479 965
803 856
125 851
911 987
432 873
915 483
48 862
352 57
5 641
257 252
258 58
641 851
93 563
794 209
39 198
929 210
437 48
282 266
641 770
670 485
118 46
860 248
284 658
719 950
760 892
519 611
254 472
996 955
532 291
214 400
619 131
815 995
997 185
438 770
881 344
47 36
490 755
950 22
149 956
633 965
466 161
15 758
577 559
672 996
655 302
840 735
698 210
106 369
467 234
338 824
819 348
59 772
603 382
466 642
153 314
252 666
603 186
356 77
600 175
330 680
989 125
150 812
359 709
170 158
921 599
240 913
458 924
551 531
722 426
528 180
132 631
996 832
507 148
515 921
492 445
338 325
752 865
649 532
527 215
157 522
970 563
907 300
326 374
940 472
118 172
699 561
73 753
218 910
663 684
238 692
179 500
565 701
362 272
699 735
724 56
784 65
781 880
586 381
59 588
747 197
922 840
757 259
390 670
775 871
802 724
57 356
505 147
726 190
207 723
843 255
112 742
954 743
593 750
419 356
394 177
164 384
199 45
554 298
458 135
643 968
428 819
587 610
767 530
653 689
740 714
901 837
681 866
434 924
184 985
775 509
957 46
40 449
447 402
748 974
887 994
374 541
865 246
736 729
929 827
155 706
917 508
92 128
921 872
618 962
730 498
600 213
164 475
174 94
751 160
540 596
473 681
776 389
792 595
471 463
939 56
686 83
970 14
383 854
784 502
813 830
915 359
333 744
603 487
718 34
16 944
13 650
338 222
792 388
662 191
585 724
634 770
927 378
238 375
861 369
218 554
986 379
630 955
637 735
529 472
548 206
208 639
44 839
476 227
923 325
583 975
806 939
686 581
192 113
934 835
189 642
507 573
954 275
7 638
604 101
177 707
952 498
552 140
587 227
284 370
528 25
453 455
738 604
129 734
601 691
162 196
124 736
730 699
381 73
600 254
880 388
189 162
3 756
728 335
697 634
730 404
801 150
376 427
28 353
986 102
9 343
44 932
81 14
423 572
427 709
825 643
359 570
1 516
878 807
113 322
995 334
1 318
218 104
152 652
804 164
545 916
296 877
618 955
295 250
853 47
118 329
360 72
174 917
271 409
886 308
640 724
587 547
273 327
691 723
525 855
623 472
242 480
422 621
720 581
696 868
106 262
744 210
247 670
759 169
543 329
540 868
222 324
374 629
412 445
871 844
72 873
283 656
525 926
218 1000
654 420
31 94
804 672
687 87
916 71
826 309
68 575
57 790
195 702
264 787
590 869
612 712
416 260
557 502
434 62
395 281
668 30
433 288
544 766
340 65
458 158
932 456
785 217
290 440
495 232
754 85
754 158
571 359
579 673
242 24
48 41
407 701
935 136
989 421
648 260
331 139
687 101
109 872
952 539
761 708
632 614
457 349
964 353
721 542
601 361
470 968
407 856
161 339
967 826
928 294
268 496
659 847
488 602
443 463
232 111
518 279
914 965
153 665
565 67
256 385
11 134
960 561
128 508
490 216
296 970
328 404
697 743
885 414
28 958
641 156
321 103
817 954
488 97
514 877
571 909
330 737
893 126
764 299
620 32
721 8
907 568
961 231
455 134
203 869
516 102
504 602
466 444
484 718
195 167
269 116
2 854
31 791
994 318
30 526
514 838
365 511
671 526
128 585
168 855
221 288
813 282
559 246
740 137
330 70
282 56
912 157
491 644
378 77
928 280
587 790
5 463
179 962
792 223
393 653
176 143
930 509
849 73
586 272
661 345
358 502
803 377
201 245
867 376
525 102
749 752
360 727
421 712
624 809
440 414
514 832
676 341
941 607
847 307
331 678
170 991
837 442
9 146
804 771
725 124
790 951
899 925
451 245
418 980
822 555
828 199
83 645
632 699
796 936
884 943
293 327
304 514
957 708
813 946
433 325
408 850
945 52
428 368
320 753
867 607
958 578
775 549
674 114
293 125
50 766
370 922
471 70
346 299
112 349
903 55
732 407
967 711
252 824
587 371
827 485
444 176
124 602
359 979
730 740
864 678
218 262
597 852
755 384
222 356
484 986
922 646
283 45
557 127
68 762
352 67
544 842
809 215
371 349
265 294
170 335
798 49
588 851
184 588
901 913
989 203
721 411
56 701
740 14
632 710
492 32
721 108
253 673
250 131
600 669
128 974
741 821
25 111
647 860
278 577
666 442
149 410
916 833
916 227
352 485
440 638
853 203
887 157
748 541
296 345
523 25
993 280
984 735
232 363
515 630
625 214
927 511
139 147
634 645
355 6
558 214
791 213
592 418
387 749
573 879
424 962
933 320
558 505
332 591
559 213
648 208
329 357
528 210
700 614
315 950
731 87
260 836
782 47
85 968
884 952
718 59
424 714
926 377
495 6
597 12
46 981
959 662
941 33
858 977
63 972
963 637
894 632
697 72
558 197
858 510
470 834
654 769
826 354
956 819
428 255
549 171
489 111
337 653
201 910
375 316
630 464
210 728
443 761
20 18
412 846
435 96
450 595
964 561
1 246
640 214
121 787
379 124
811 603
544 866
408 258
549 233
760 500
346 42
921 749
525 814
997 948
828 915
235 433
935 307
828 21
745 359
985 341
607 627
686 943
370 838
761 949
618 282
740 291
659 999
82 676
444 868
11 833
846 404
941 327
609 714
29 147
988 968
640 819
375 483
544 934
9 570
986 569
771 377
466 258
408 298
352 537
730 21
543 520
608 380
694 216
698 409
631 228
763 310
921 43
145 112
545 333
480 294
352 307
90 694
391 538
523 396
544 54
117 906
655 81
545 204
242 705
805 108
411 533
687 975
340 151
657 10
312 2
204 212
891 119
896 241
893 336
463 188
3 134
336 220
287 832
149 722
287 275
837 95
327 562
109 302
762 429
554 249
938 450
443 652
800 891
528 388
100 329
775 865
59 154
315 375
571 105
688 274
480 288
523 170
527 772
243 966
688 761
687 789
793 359
936 585
189 538
91 472
950 680
566 801
330 66
454 399
915 612
88 498
717 818
174 372
952 329
450 221
269 66
971 783
803 632
557 830
918 348
638 516
129 480
633 608
45 64
398 197
722 21
99 783
25 799
183 384
173 415
4 436
751 299
114 351
661 190
911 383
571 95
317 391
624 470
602 464
314 575
859 394
224 278
686 526
297 861
856 166
946 771
791 621
442 854
218 557
326 166
866 65
253 981
68 1
160 955
338 671
17 361
887 379
446 295
183 671
722 372
16 328
22 341
376 923
941 200
24 201
545 843
809 947
289 704
541 900
808 957
332 158
599 190
910 180
872 996
780 366
331 679
954 256
202 73
898 116
818 728
828 557
146 62
670 348
58 101
641 940
302 530
568 431
894 809
867 135
827 709
971 967
587 178
792 471
822 423
882 660
298 6
152 15
659 542
394 952
358 565
525 617
868 806
377 327
910 916
771 718
555 563
989 320
507 266
564 574
618 440
406 793
312 260
356 6
257 819
565 533
263 335
930 318
152 909
257 703
28 424
422 245
991 475
377 604
766 702
431 347
633 334
715 502
676 429
839 449
722 701
964 43
715 783
506 541
657 175
859 769
261 992
563 167
104 851
840 948
56 611
594 779
855 150
930 47
988 272
664 516
825 22
855 560
858 586
556 580
236 58
459 229
756 100
599 883
591 979
317 38
462 562
538 357
224 67
342 522
957 73
331 493
668 506
864 32
435 854
853 107
515 593
624 840
113 561
803 269
579 208
123 164
597 465
986 576
576 677
964 537
852 49
714 95
204 42
220 74
109 833
515 967
697 843
858 605
2 882
530 56
290 275
489 789
884 48
197 58
312 122
765 846
964 888
819 656
340 717
777 598
109 245
80 190
109 918
609 692
393 621
129 386
44 584
108 98
403 74
771 736
650 14
45 714
311 900
478 562
32 221
870 228
61 509
162 989
398 137
986 710
884 917
847 776
379 646
197 680
44 590
408 274
823 655
987 53
990 74
152 233
323 413
8 327
791 720
242 104
971 533
984 209
944 883
11 30
492 470
749 230
820 492
350 924
184 852
487 673
907 228
276 297
696 608
623 535
721 650
930 585
186 774
682 862
290 624
591 208
835 753
110 375
759 414
293 784
514 443
39 103
227 103
852 481
696 175
322 303
348 549
691 427
784 245
185 526
775 212
945 216
647 906
462 38
540 134
408 71
123 415
625 652
696 994
138 123
991 419
429 349
13 362
963 478
708 709
175 662
899 499
166 266
865 365
534 417
116 427
192 474
302 560
9 723
296 73
264 765
653 442
523 685
993 449
24 219
407 562
740 562
617 6
446 542
60 898
309 308
863 353
110 471
861 999
150 710
867 996
280 472
649 604
810 124
276 202
289 948
168 259
989 685
207 225
90 542
745 98
358 961
473 205
536 98
112 477
885 665
812 561
811 135
781 948
792 967
873 70
156 789
812 18
738 150
380 496
565 614
790 706
136 171
446 160
804 463
344 14
202 30
912 731
383 367
912 89
162 605
163 778
659 321
185 245
201 300
655 821
721 118
655 359
558 351
624 173
494 439
749 124
756 99
406 547
264 500
667 197
223 119
134 522
748 716
111 923
708 335
850 707
591 324
632 673
424 466
199 814
135 934
437 757
570 241
336 80
621 735
462 577
76 171
536 243
911 354
996 159
180 397
910 300
123 266
407 847
529 835
904 373
33 684
80 654
993 486
686 960
678 924
17 471
478 190
122 687
627 86
494 859
694 51
82 918
649 181
490 75
375 549
194 712
374 566
303 500
177 602
667 630
417 327
39 459
203 834
97 41
811 998
698 860
352 442
362 187
916 513
105 531
864 997
925 831
757 635
205 463
490 205
132 240
317 120
383 855
235 816
722 944
916 205
431 990
719 980
64 159
252 74
486 706
80 475
160 341
565 425
905 160
226 160
903 377
752 267
959 584
910 923
73 553
110 344
278 22
551 929
609 225
139 949
778 769
778 273
94 931
852 76
438 230
620 628
521 434
379 948
199 321
24 927
78 870
579 886
52 25
189 819
856 687
333 582
830 710
126 22
444 847
501 617
365 713
109 794
122 498
116 529
695 702
654 452
437 306
915 742
951 926
220 464
342 327
648 418
748 369
859 125
312 70
704 419
114 739
892 159
53 949
315 487
622 43
666 37
331 156
881 558
517 325
305 807
91 185
824 48
523 879
856 277
636 631
117 916
892 838
555 59
664 231
218 712
445 472
657 754
511 561
110 254
935 472
903 785
767 318
72 968
176 952
368 977
363 107
71 445
133 982
301 492
350 351
536 188
985 415
176 195
567 958
13 512
511 613
686 114
986 231
142 358
50 977
145 983
250 182
944 487
596 65
946 529
22 194
904 966
340 110
521 539
594 710
859 103
847 472
317 562
953 81
1000 377
734 65
624 621
859 770
654 386
921 348
298 535
929 328
690 539
270 542
808 185
405 225
822 900
350 167
609 737
595 341
945 848
676 99
693 865
422 399
629 341
911 427
960 54
586 532
938 665
246 982
601 481
469 975
828 493
315 95
379 425
907 590
568 329
290 869
403 213
302 940
411 195
44 622
269 992
828 606
45 966
47 425
168 838
807 701
101 182
276 921
754 776
40 957
612 95
867 872
132 170
77 200
437 738
703 818
431 263
698 739
705 815
781 159
503 716
752 508
643 475
890 934
809 562
376 23
419 280
845 713
458 278
238 660
583 365
340 989
858 487
59 415
423 42
828 127
299 66
454 381
757 160
487 851
196 700
596 577
681 396
370 792
123 882
238 535
78 357
352 343
60 169
752 520
762 628
101 225
88 245
386 144
271 58
403 194
683 288
39 660
89 776
208 187
385 729
184 784
855 990
963 357
587 23
573 339
859 496
630 386
111 833
725 888
422 536
829 140
618 433
304 160
394 333
178 53
327 774
803 886
634 187
203 19
466 441
453 531
911 681
961 913
68 1000
202 231
874 688
597 873
658 235
687 956
545 182
880 713
362 854
666 979
840 314
722 861
986 15
787 350
617 119
845 141
189 14
985 852
262 221
547 560
286 226
945 978
657 127
571 320
491 786
936 273
805 136
379 746
50 752
636 551
972 327
690 585
311 636
609 138
884 499
942 91
268 296
924 713
661 341
850 318
927 274
494 896
189 384
302 626
365 70
179 449
137 982
412 526
933 366
926 204
603 249
828 510
501 905
942 975
417 381
577 385
117 383
78 331
63 8
498 574
785 644
638 634
680 348
84 532
427 357
844 129
642 982
862 279
454 909
173 685
433 309
671 819
935 278
153 631
113 267
152 670
515 662
312 580
400 708
429 485
920 595
808 862
459 373
752 522
682 173
726 204
551 4
283 972
797 229
122 395
616 41
582 572
967 215
846 385
506 899
206 577
920 992
85 229
870 626
328 990
422 110
651 779
422 216
574 955
791 241
630 574
963 70
672 427
493 706
953 731
136 908
774 288
469 75
467 490
394 67
53 592
811 514
392 656
207 440
107 362
309 684
235 473
175 650
919 217
355 603
836 592
893 426
927 448
189 414
589 595
138 448
31 152
661 362
374 950
730 229
207 983
905 268
846 559
322 861
734 826
176 22
909 136
646 272
618 989
4 699
664 651
803 222
276 143
426 137
973 605
470 73
902 784
764 261
744 137
477 38
316 728
556 201
891 115
571 826
966 542
451 793
540 341
880 617
218 852
445 834
33 611
659 279
849 377
326 224
95 549
407 239
781 360
784 574
346 783
351 452
466 903
716 570
199 502
606 354
674 573
283 202
161 996
825 72
105 59
345 413
260 372
725 514
279 511
323 55
688 432
327 225
537 382
210 660
331 990
942 246
342 939
865 436
202 923
422 539
780 896
567 64
815 826
558 606
930 21
512 472
994 734
168 130
988 865
679 886
311 23
581 217
741 475
358 171
969 126
88 406
813 61
393 672
556 708
206 839
756 461
600 906
46 463
966 195
201 241
141 386
636 968
810 740
648 819
756 943
618 556
853 442
276 668
927 673
568 818
801 833
976 778
510 499
666 967
763 655
253 181
696 778
583 405
121 17
954 628
907 83
563 248
876 263
881 189
302 380
840 148
921 935
862 154
599 846
575 417
665 978
633 138
84 574
417 739
591 527
658 608
75 20
723 354
454 125
488 538
199 140
938 77
242 215
887 239
891 365
506 273
337 294
232 739
886 983
105 436
571 376
284 58
269 401
691 363
597 745
473 714
546 966
221 572
850 140
12 344
423 726
46 158
271 976
687 307
4 970
575 74
594 164
170 281
985 414
201 947
109 688
857 962
370 122
365 32
637 552
211 565
898 950
849 644
988 338
719 886
503 561
180 433
879 873
785 505
554 50
491 942
914 134
804 347
394 604
592 23
16 475
146 357
694 278
930 339
312 317
682 496
953 142
675 318
585 56
427 321
480 891
529 613
597 66
44 231
836 977
284 823
565 855
454 570
412 359
671 399
364 768
540 659
230 447
524 701
722 20
412 729
600 54
676 617
653 157
566 787
950 839
582 183
600 176
110 989
922 677
235 301
902 240
115 382
286 991
759 605
732 618
407 563
408 920
620 328
881 904
963 732
674 167
60 970
794 307
160 580
813 32
629 430
513 288
907 449
704 858
261 209
40 278
790 308
128 932
571 626
140 349
271 490
352 145
151 974
503 873
8 805
242 219
416 506
284 541
127 892
911 93
275 188
258 231
554 915
166 735
296 41
157 409
796 394
972 644
909 959
371 220
928 618
84 595
672 673
802 378
991 588
443 434
987 585
871 943
734 1000
424 712
330 948
365 66
4 389
915 684
646 580
909 897
895 401
21 321
228 710
723 542
98 159
128 227
811 626
60 343
572 613
864 575
458 820
509 641
582 18
71 42
468 32
582 789
116 882
803 769
893 362
681 32
738 821
543 832
441 288
622 970
697 633
822 533
855 550
692 452
678 213
165 38
373 656
827 769
7 223
741 241
938 313
495 511
474 396
613 982
380 248
113 687
525 58
440 360
704 152
557 972
704 885
541 770
88 812
547 172
407 109
646 776
527 178
9 325
737 622
754 117
39 895
142 450
290 345
209 134
82 818
38 193
934 324
642 990
971 547
114 968
211 450
189 173
90 749
589 249
631 564
555 47
197 360
461 709
853 196
79 356
567 10
830 470
211 797
490 898
370 119
748 508
437 790
612 729
787 812
935 627
756 607
16 862
413 713
289 159
29 347
277 346
532 742
290 258
734 882
292 158
59 191
499 611
39 388
926 279
634 335
890 407
301 136
716 537
901 864
10 999
839 316
924 914
934 739
105 994
444 361
858 273
620 999
893 596
894 245
534 798
739 535
853 272
657 935
44 513
406 818
781 546
813 759
571 749
333 797
232 99
730 339
716 821
540 90
470 95
118 107
253 239
109 398
192 478
632 644
52 202
853 518
618 294
230 107
785 56
491 877
223 396
571 726
808 830
357 86
480 974
640 274
92 201
942 316
849 101
878 226
648 755
11 647
767 249
823 175
781 272
779 172
825 739
303 776
92 135
383 761
109 211
523 320
141 819
490 281
888 65
423 450
665 211
306 274
822 760
781 973
216 83
270 965
781 247
118 474
847 194
277 20
142 53
422 273
844 40
121 216
51 710
169 137
352 755
340 875
920 75
142 532
99 513
199 546
243 195
741 195
296 741
229 101
633 55
31 913
437 532
52 158
912 740
817 656
428 433
92 960
371 653
871 107
828 608
766 335
374 614
583 724
820 439
31 140
905 357
777 454
618 678
523 306
890 898
393 847
390 512
695 406
247 341
250 727
413 472
393 256
398 478
396 535
805 541
218 200
950 475
664 362
210 550
852 882
447 748
717 318
738 206
55 291
124 838
708 982
534 908
690 286
509 831
476 166
507 551
690 903
634 415
771 888
636 401
247 542
597 363
110 980
218 176
765 497
359 294
283 212
447 344
293 797
257 14
340 397
428 274
33 171
203 205
177 113
44 843
222 479
969 875
437 256
844 102
933 86
616 327
841 131
90 413
326 611
434 420
147 974
560 401
561 962
881 948
858 134
83 27
727 231
616 561
338 989
616 914
237 136
337 950
444 282
407 493
16 393
850 433
423 716
416 713
820 336
15 788
55 162
406 223
68 198
760 630
567 245
374 786
484 672
41 32
946 727
238 949
210 351
172 95
422 521
601 709
185 709
815 316
609 683
94 335
573 939
554 35
889 146
663 347
648 310
370 910
367 975
454 35
763 171
459 553
773 947
943 225
160 436
929 862
40 76
751 14
946 611
822 624
112 205
152 300
699 940
199 672
59 982
29 795
283 644
474 639
252 166
338 239
453 378
155 932
376 634
122 989
88 626
804 366
692 611
218 877
155 395
630 786
969 700
424 949
747 424
7 321
405 857
757 152
109 441
912 72
991 688
767 307
257 785
211 144
922 278
953 804
34 325
774 485
744 983
963 208
317 619
591 406
17 524
860 433
293 288
894 869
336 441
864 847
304 767
822 32
511 729
942 147
721 91
546 241
173 812
50 552
777 751
987 368
390 836
177 560
713 982
408 38
519 301
858 288
501 854
408 770
518 220
853 35
7 451
301 341
305 98
217 542
198 472
881 573
607 414
607 547
155 786
859 743
867 815
827 35
1 592
111 815
764 415
623 465
923 66
421 279
52 485
980 962
808 638
755 185
120 835
58 74
519 302
963 441
950 854
235 395
170 532
4 170
826 432
570 662
800 882
698 299
905 382
814 677
142 770
193 831
686 882
558 766
530 688
666 847
462 327
971 671
566 700
285 710
217 838
638 837
383 758
743 873
60 974
190 982
520 652
633 208
566 375
952 212
950 795
587 629
437 421
749 30
276 306
155 561
582 115
595 309
938 193
490 714
618 328
82 848
94 456
699 212
301 165
184 891
369 614
477 735
109 204
623 827
969 111
633 335
278 156
766 614
222 789
456 23
11 381
312 453
140 18
493 325
271 305
492 316
822 253
449 134
696 835
989 931
264 841
837 27
106 830
970 413
998 320
37 354
355 93
495 967
226 277
249 1000
289 30
609 75
143 605
957 612
580 611
117 229
9 350
657 867
765 225
853 87
227 334
108 399
907 60
622 277
609 427
291 471
438 57
489 861
332 803
473 460
859 864
813 664
647 699
970 978
13 757
24 293
859 90
298 43
98 812
971 371
514 510
21 329
693 343
252 234
617 190
340 36
306 194
965 483
925 23
754 772
993 832
625 373
479 369
176 434
265 183
28 839
952 572
469 627
407 452
801 641
997 683
278 115
856 939
777 982
777 827
641 77
610 950
610 461
122 926
303 136
407 165
647 498
454 151
781 114
207 241
16 629
155 640
424 27
405 564
183 713
551 165
919 576
431 854
704 982
903 221
480 403
258 661
905 221
223 95
364 735
125 37
743 712
155 776
918 716
780 909
693 887
868 400
963 516
205 475
815 21
658 874
601 784
764 423
749 731
600 363
469 329
722 860
58 917
206 137
438 588
162 809
971 898
484 597
236 18
989 386
956 735
779 229
894 367
360 713
277 450
1000 563
589 826
313 205
737 675
878 395
637 161
960 165
363 866
667 135
541 246
291 746
161 734
333 282
135 851
491 71
333 798
733 882
184 795
221 357
747 803
946 59
146 27
699 642
988 6
347 833
756 349
715 758
808 362
790 92
369 244
354 263
969 601
832 975
743 95
993 128
593 643
250 200
670 23
725 772
237 709
632 559
766 899
240 968
905 711
963 181
568 985
782 530
397 366
150 49
720 67
321 605
813 951
332 215
568 854
661 943
897 169
11 215
207 167
3 67
840 36
44 473
755 650
696 875
691 168
995 676
708 913
289 980
968 263
484 617
640 943
763 751
412 960
461 367
92 235
915 655
687 77
519 201
46 671
525 231
804 592
365 605
782 714
469 117
991 628
825 614
406 613
360 559
432 215
927 372
346 937
358 634
681 701
986 156
619 937
40 129
664 202
888 875
956 750
860 259
289 1000
568 261
301 112
139 909
247 741
393 166
545 870
567 662
239 227
291 456
126 750
560 750
964 929
227 669
963 758
5 611
290 801
196 918
446 578
915 952
659 452
256 977
116 612
633 76
26 187
525 67
624 236
275 103
305 455
667 720
685 949
179 508
855 346
711 835
39 278
173 485
782 616
101 613
811 795
110 294
984 911
814 832
62 156
796 385
694 916
793 965
859 490
367 736
986 245
92 58
717 821
89 608
629 43
942 602
550 958
133 325
825 709
8 131
416 2
222 350
932 635
68 739
14 263
650 413
54 527
547 645
132 229
287 504
422 317
489 811
769 263
370 671
364 460
677 990
591 374
896 524
79 215
630 857
8 247
298 212
121 694
565 581
576 274
454 581
287 463
331 148
550 464
972 517
126 411
123 643
490 673
811 718
924 958
741 999
438 678
780 480
936 769
186 417
868 299
107 741
723 58
83 37
492 860
600 320
637 79
82 713
76 839
870 147
98 307
40 293
615 779
126 461
987 966
306 120
249 972
693 320
206 287
879 1000
99 977
723 980
658 449
606 627
900 891
453 791
434 716
271 1000
519 631
312 592
391 140
972 530
326 205
234 614
806 200
653 831
314 592
394 818
875 784
944 442
126 806
356 231
543 925
853 432
908 886
817 294
568 656
521 897
106 531
22 750
437 31
450 712
952 107
729 683
840 255
861 104
655 685
314 436
694 87
323 258
176 749
539 357
486 948
147 396
798 129
707 411
197 237
293 361
369 188
298 335
546 814
909 377
905 327
338 429
577 508
45 979
24 879
960 902
408 989
963 204
664 605
620 741
698 36
160 324
601 47
223 209
426 983
881 59
359 616
392 891
491 167
982 388
583 681
908 685
405 832
32 848
100 6
168 835
667 277
600 317
501 432
957 356
697 101
726 626
207 692
330 475
950 150
312 403
815 41
864 906
534 595
916 535
323 764
501 646
919 866
757 110
959 561
760 450
276 959
926 417
858 42
539 588
474 570
564 273
441 584
596 310
546 498
584 102
718 103
176 376
883 735
783 335
987 140
99 430
757 240
205 553
160 833
289 868
387 533
9 134
539 535
37 382
888 113
352 250
238 720
674 937
830 120
106 670
258 204
118 838
672 592
885 785
944 299
306 578
621 727
7 584
902 157
151 768
815 873
843 493
224 379
129 613
35 215
731 799
881 598
276 8
84 5
226 535
523 691
419 463
494 994
935 112
554 177
305 15
964 460
501 893
207 995
694 359
364 733
222 209
697 332
143 300
914 838
658 130
911 448
295 630
88 515
206 703
666 9
310 36
748 621
412 144
874 433
742 159
153 250
55 35
941 181
393 698
363 917
705 16
203 671
108 870
138 499
351 256
317 154
566 402
708 341
222 133
911 833
108 158
697 838
306 217
501 840
705 644
408 485
773 694
11 55
511 703
694 982
44 348
665 273
491 404
867 370
179 531
166 995
837 883
63 399
829 581
190 272
815 205
359 735
404 535
718 808
732 700
674 55
406 497
371 103
801 65
54 240
757 74
370 779
829 997
242 211
228 49
993 890
166 574
752 870
289 406
176 715
959 629
121 988
254 885
163 434
653 215
431 974
586 773
77 588
780 508
457 846
928 830
555 821
748 413
97 505
459 640
727 157
262 346
754 147
632 346
93 629
574 940
721 510
843 173
476 885
289 271
106 301
285 240
798 920
479 497
528 663
956 158
606 261
903 525
603 294
316 388
736 244
310 628
224 31
586 631
856 198
340 940
255 712
439 537
207 380
856 30
571 146
858 479
936 731
270 368
986 698
92 857
772 324
343 665
644 157
301 650
733 3
227 281
521 32
686 168
932 779
44 270
165 167
80 91
826 712
761 645
679 65
991 229
354 713
179 210
808 21
507 752
438 871
488 870
505 471
239 229
810 797
444 846
865 819
901 333
346 847
206 477
177 660
149 361
135 361
660 67
887 201
662 702
971 428
116 26
904 156
727 931
635 325
842 814
590 316
579 401
61 95
139 429
217 968
143 227
82 806
503 366
109 589
984 429
802 209
586 390
57 769
727 194
236 134
75 53
599 650
267 955
17 865
705 791
208 838
868 418
625 285
242 614
246 588
794 838
140 753
959 795
919 122
31 345
525 413
437 651
282 508
690 269
302 426
666 351
545 90
80 966
888 235
993 11
642 981
447 480
748 79
309 500
693 147
771 944
912 578
634 396
610 419
973 555
879 409
698 819
757 647
928 308
670 612
561 348
770 99
361 321
655 651
230 367
793 939
624 362
204 486
849 713
63 950
276 414
669 382
691 396
968 873
239 200
438 439
413 382
172 130
636 334
482 199
786 43
899 115
424 814
421 309
557 314
392 770
817 596
231 67
367 943
177 992
493 982
10 452
889 361
405 353
856 745
636 471
733 161
909 103
356 483
153 734
208 622
686 538
207 678
869 660
184 220
603 413
412 47
306 499
138 819
294 602
293 356
179 321
486 335
751 413
2 872
176 628
627 776
909 833
743 948
890 9
641 409
892 32
253 712
583 847
545 241
361 688
88 734
1 499
893 168
201 985
232 107
218 862
757 194
539 449
781 245
208 165
752 399
279 130
966 66
59 906
192 975
923 774
11 832
558 723
760 955
928 448
635 169
814 288
759 180
440 662
265 4
759 443
888 316
290 691
959 847
381 418
301 307
287 309
557 5
884 487
468 736
631 217
257 804
121 395
707 278
284 791
428 420
191 783
785 979
806 617
138 274
227 656
506 491
636 605
380 23
880 347
930 395
16 141
638 750
192 285
512 6
394 926
738 672
856 29
165 147
762 491
648 975
361 5
276 509
932 831
921 82
90 998
964 16
960 79
810 968
164 46
633 102
196 895
934 910
633 989
557 59
332 426
371 154
823 168
960 990
770 449
898 71
512 968
910 769
763 962
644 27
799 73
289 780
894 396
240 746
125 873
447 949
63 500
312 999
218 509
304 249
490 214
488 776
888 204
166 86
474 40
83 87
567 213
28 850
15 221
804 866
180 456
228 592
16 425
7 332
48 663
455 924
494 965
812 70
968 683
905 783
306 52
950 70
780 491
779 731
40 939
63 828
842 85
656 399
951 376
665 309
550 183
647 486
8 249
619 379
529 530
536 508
992 205
306 33
872 375
247 485
863 312
462 683
130 318
941 22
495 240
882 384
876 979
123 136
11 67
794 409
166 680
106 46
292 369
881 833
458 983
482 35
618 79
372 287
920 643
893 688
199 632
597 169
222 233
601 236
336 689
674 714
649 564
732 306
355 983
833 701
84 504
461 103
458 598
991 327
468 926
438 861
933 507
754 184
967 124
204 927
363 378
620 302
767 574
236 665
270 944
148 362
674 220
260 788
59 702
441 220
665 779
876 369
953 576
149 40
890 575
842 114
252 916
806 604
298 229
370 606
340 500
794 430
827 22
565 86
780 913
569 550
668 620
794 87
619 127
870 906
442 104
568 419
347 325
523 178
801 498
650 677
397 553
13 920
862 588
124 799
92 427
964 872
927 212
900 982
243 913
490 462
649 589
606 937
302 621
451 127
822 618
985 432
823 638
963 19
369 172
39 415
333 712
759 65
387 293
268 417
722 462
884 82
856 237
338 191
705 710
594 769
552 277
811 602
478 584
946 994
839 399
810 93
770 388
505 992
252 283
566 865
593 608
687 542
583 282
659 167
175 66
923 838
306 850
555 53
782 195
191 220
446 99
164 779
164 613
427 277
402 245
646 955
813 766
253 568
4 793
921 447
929 274
319 662
351 104
866 303
822 596
632 533
849 325
586 595
849 962
210 203
296 23
224 713
245 955
771 647
54 605
823 383
121 677
544 412
932 30
794 891
454 239
564 103
25 62
219 347
868 455
322 201
880 743
960 590
238 665
888 116
131 413
895 873
114 134
322 646
631 553
371 452
895 564
723 701
749 462
563 137
133 485
39 910
564 356
590 420
162 136
118 145
628 433
811 972
993 908
241 86
682 891
262 389
376 378
530 652
287 33
760 821
172 157
636 128
853 296
257 980
815 906
196 510
558 944
362 999
786 572
766 452
435 8
658 47
148 255
692 904
192 612
119 783
576 62
980 613
216 42
790 376
11 540
355 588
676 216
507 41
785 195
478 629
887 892
446 806
268 127
238 573
507 461
826 195
587 466
277 855
364 287
822 115
793 900
858 189
509 6
192 29
199 497
342 910
887 417
217 308
415 205
719 285
796 20
268 27
725 261
355 687
239 539
252 40
814 259
923 418
304 870
737 766
823 885
978 982
404 913
569 659
296 351
825 874
400 53
465 723
153 81
35 502
79 64
911 956
859 405
571 528
461 420
179 474
246 729
738 470
391 646
775 612
275 173
677 837
674 79
352 203
519 232
391 273
682 96
601 647
462 965
60 503
112 206
108 241
530 137
926 178
519 971
898 59
349 233
664 360
433 335
128 676
444 148
219 629
725 132
594 473
742 137
832 348
276 645
759 630
600 874
84 369
722 605
987 72
836 46
846 481
716 397
498 53
887 875
935 220
870 542
919 197
593 69
797 98
467 899
211 968
477 562
883 770
856 248
820 94
340 814
585 38
278 870
902 514
554 604
112 972
501 806
164 833
548 169
741 421
58 848
856 411
7 379
597 214
731 159
594 211
489 711
923 300
427 990
531 119
543 630
989 486
293 72
264 120
642 563
953 62
764 40
264 184
945 629
582 886
236 731
345 908
457 925
585 750
855 421
268 137
990 553
467 714
257 731
719 823
796 985
871 322
763 650
446 150
45 684
503 706
183 147
802 733
408 314
206 14
942 806
988 789
762 363
102 497
855 23
551 980
575 441
716 272
928 721
258 891
85 739
613 42
778 72
579 246
282 833
679 687
973 808
605 502
296 575
69 371
300 464
946 190
138 256
539 595
113 724
929 171
769 281
321 274
824 958
620 529
635 381
162 962
610 981
411 514
417 967
581 786
649 426
606 353
168 175
610 588
306 239
474 786
881 805
993 973
452 396
37 537
895 675
373 611
112 401
326 507
162 137
326 832
591 215
295 640
352 565
265 388
650 795
348 309
511 159
791 875
289 488
876 674
765 250
63 652
896 158
575 316
818 710
36 95
679 552
151 212
292 861
625 713
484 81
869 104
278 361
966 547
389 613
911 183
505 324
638 578
142 382
993 53
936 606
151 989
398 385
282 961
919 291
787 539
720 103
903 535
205 42
635 504
364 870
668 249
63 209
682 671
825 282
145 97
113 929
624 381
908 709
3 734
863 392
501 241
756 687
682 851
586 610
918 916
394 791
808 821
253 581
868 362
972 120
941 913
365 595
755 792
763 216
936 464
509 452
994 727
539 288
912 41
747 150
881 272
479 91
812 99
932 483
419 344
459 965
687 906
678 961
754 322
283 505
315 171
686 913
442 578
606 425
82 181
661 913
571 586
907 708
544 314
509 134
622 154
257 604
958 943
627 677
978 32
166 468
52 635
721 43
901 980
343 104
854 18
987 178
145 681
289 844
97 18
83 348
915 526
458 885
189 52
695 960
740 836
847 735
478 952
342 322
677 983
631 970
306 588
563 399
174 755
219 368
999 432
71 673
161 513
446 131
273 669
754 979
289 225
661 965
374 164
465 74
230 389
371 539
792 246
894 516
587 979
568 450
199 12
11 8
152 409
667 819
257 87
363 261
623 425
289 359
206 217
232 608
601 231
40 172
446 907
136 783
755 404
608 978
558 955
556 65
901 432
880 577
242 136
304 943
138 799
189 447
657 199
110 574
791 307
816 12
815 56
589 251
890 892
68 767
328 585
597 135
916 154
669 471
777 65
451 608
416 22
905 590
594 902
155 746
44 461
194 750
353 799
121 466
941 81
380 137
290 284
816 347
353 463
468 59
785 43
762 310
437 897
59 918
276 615
492 983
813 806
153 989
492 800
291 604
477 439
757 626
424 761
324 6
941 106
705 332
842 286
921 205
116 367
282 596
719 674
203 160
586 493
164 99
567 681
155 843
57 586
363 203
600 835
232 72
4 125
745 808
887 715
928 80
51 241
186 642
964 546
117 780
606 228
772 5
594 713
601 46
168 29
622 517
585 441
466 854
901 493
501 131
685 357
54 513
760 632
884 318
79 716
424 722
313 269
715 213
408 536
108 720
237 344
657 244
766 729
951 800
365 180
533 43
743 520
768 241
177 612
280 807
739 683
569 58
383 834
915 720
267 654
591 746
827 604
392 62
749 994
283 64
326 673
997 65
725 820
993 625
618 203
945 778
759 93
262 372
176 414
841 351
187 613
881 713
152 983
820 604
868 337
351 833
13 513
216 837
426 711
40 99
146 958
489 470
585 502
346 58
4 58
477 652
419 403
105 986
138 653
326 203
216 81
985 703
122 780
145 885
135 787
53 684
597 70
804 562
63 515
493 892
738 389
92 2
919 170
780 248
39 876
733 979
426 685
717 152
773 273
175 772
75 500
915 855
156 483
501 261
705 148
434 703
906 369
911 407
788 418
610 678
730 968
737 216
416 168
598 406
963 639
619 712
441 883
355 282
551 509
778 539
922 46
143 165
695 672
255 366
865 535
822 740
934 404
337 43
751 669
721 23
798 231
106 525
238 173
658 872
350 171
446 870
864 331
330 165
48 139
579 989
579 510
762 463
48 380
416 668
582 776
22 831
394 338
317 526
544 327
176 361
922 133
875 584
804 90
219 514
741 724
229 415
519 122
697 321
355 940
747 64
743 576
99 497
674 351
280 839
661 852
63 565
771 601
276 861
692 161
495 897
402 388
959 542
695 247
38 982
777 139
635 592
610 433
663 87
817 683
934 852
10 913
929 160
966 465
383 51
906 746
121 289
754 975
691 428
586 333
311 927
393 400
777 271
642 231
488 319
822 295
257 538
435 481
943 728
919 864
363 366
869 613
583 923
295 688
52 789
387 27
880 14
371 639
893 95
63 944
859 516
622 783
380 178
609 410
204 565
781 516
299 56
755 929
628 279
963 673
318 652
618 162
11 144
394 152
447 430
993 640
890 453
567 405
900 339
104 709
660 689
393 897
174 527
228 736
853 229
745 669
370 36
218 988
271 125
987 727
595 101
452 442
984 677
48 122
374 406
108 502
457 799
173 134
985 94
655 766
689 382
123 836
984 267
254 720
710 508
271 805
531 399
494 465
767 330
610 709
523 520
494 858
79 786
146 248
349 701
548 611
780 499
390 783
69 472
128 303
648 468
519 100
665 356
41 992
665 918
114 318
957 471
352 200
878 197
845 240
576 277
869 580
633 680
141 789
156 141
65 386
971 889
317 694
915 687
161 249
398 146
763 455
149 66
257 96
490 629
725 853
960 801
8 890
674 402
355 436
771 949
177 127
692 335
847 102
135 86
905 145
115 56
126 52
450 246
741 613
946 943
392 978
963 91
3 320
226 795
970 689
536 931
771 785
541 806
262 320
375 436
189 187
803 757
146 992
395 769
628 580
370 514
515 254
340 386
690 109
424 884
544 920
600 150
956 14
932 994
880 766
22 472
583 921
292 203
289 194
523 673
764 122
24 382
326 348
681 925
749 100
935 832
577 974
594 168
454 930
954 206
414 259
59 409
138 107
769 500
375 325
785 564
370 115
330 527
766 267
665 120
595 611
207 447
823 420
243 79
88 709
301 774
717 88
253 531
469 906
249 947
928 718
565 267
811 246
762 780
730 155
70 388
209 190
881 268
784 425
802 170
770 774
476 761
280 982
465 193
829 766
68 992
145 418
62 847
775 503
398 286
163 834
265 268
3 222
852 221
262 309
169 580
822 742
794 397
87 42
780 611
769 702
262 520
433 526
395 45
661 761
276 785
59 344
152 965
510 955
295 516
885 237
304 349
764 616
794 287
625 22
536 208
260 329
678 848
125 613
986 852
632 171
993 462
507 25
328 642
319 347
859 623
118 431
932 291
743 900
794 309
132 314
127 464
212 220
111 637
898 386
578 980
492 673
478 694
4 720
698 185
952 221
408 647
840 18
921 148
794 463
324 559
749 916
809 493
976 883
772 321
870 193
953 329
781 209
575 680
326 496
548 35
687 499
929 678
802 5
361 144
44 200
987 248
79 114
512 404
887 14
505 20
515 843
457 624
984 629
135 217
953 80
637 653
775 156
801 654
399 37
861 397
594 542
224 686
268 680
554 445
302 975
534 535
287 814
285 233
807 66
691 280
199 143
938 889
84 151
773 932
64 961
706 76
674 712
292 700
650 776
715 341
942 779
236 211
278 165
263 611
337 51
84 465
286 172
616 70
221 508
534 942
8 836
966 382
127 18
824 937
338 558
879 475
576 795
234 603
419 51
876 596
964 694
527 851
121 9
664 184
657 189
722 358
407 832
208 365
139 358
668 663
604 746
262 380
867 90
853 143
840 875
847 483
442 81
461 288
322 628
719 525
738 61
611 713
182 6
951 350
371 654
395 509
721 828
909 150
941 859
7 813
777 897
254 375
842 269
878 845
411 541
507 836
79 402
330 190
242 78
222 409
141 27
208 547
945 865
778 961
867 734
726 432
338 256
297 877
292 166
874 23
93 388
953 792
449 708
987 780
118 253
690 280
454 914
301 629
760 683
543 779
331 386
1000 683
551 779
488 827
131 58
556 461
598 461
659 628
406 847
381 320
84 973
160 19
189 32
521 197
268 832
111 463
868 670
693 588
657 278
201 758
110 940
501 503
55 586
11 908
160 14
621 169
921 351
651 539
222 368
398 576
525 669
466 635
440 127
97 316
491 204
695 227
13 99
681 639
423 239
618 22
634 584
757 325
442 463
987 689
101 572
775 698
139 723
523 706
459 972
927 35
196 418
145 463
928 86
813 72
523 931
732 291
230 683
331 377
668 475
489 266
98 702
509 710
226 383
767 836
340 572
269 169
292 378
953 115
191 472
262 874
691 546
587 379
355 47
879 485
368 642
696 632
615 175
536 251
54 923
964 269
781 718
370 162
548 491
170 670
638 861
303 959
286 263
379 641
113 685
619 635
952 79
431 578
879 461
868 505
56 560
601 723
338 942
88 575
444 530
310 389
153 739
528 339
792 875
641 449
229 263
796 171
876 877
324 908
174 222
179 50
625 550
707 596
827 886
466 744
218 832
523 336
858 440
984 585
773 480
277 590
206 806
863 459
375 156
231 354
749 196
793 766
69 706
413 977
203 43
142 97
668 485
210 716
337 526
813 133
328 797
618 661
726 392
375 873
908 472
162 245
501 946
512 471
235 669
884 140
965 980
93 874
970 641
571 229
625 841
271 272
918 259
912 336
697 16
615 280
637 640
1000 758
914 401
410 899
482 98
484 221
189 35
411 431
625 779
155 615
174 900
973 938
922 899
39 880
941 834
560 86
747 674
959 357
48 958
885 891
77 463
13 864
489 359
415 562
901 731
446 53
615 368
617 56
916 316
824 498
916 325
888 716
771 645
626 975
328 612
44 14
65 366
383 281
803 538
58 256
661 279
926 812
180 18
150 221
699 136
538 709
604 366
305 486
630 375
163 136
276 679
951 260
169 429
313 485
633 395
824 950
726 350
826 134
624 54
567 920
843 980
277 833
878 560
928 657
8 835
901 305
138 236
625 177
162 642
333 137
558 183
840 22
796 382
394 809
963 350
55 623
150 382
953 417
90 729
814 397
586 334
935 654
52 681
296 269
704 932
196 526
872 642
846 671
257 747
629 761
544 907
479 700
697 409
964 850
243 347
630 576
419 706
760 82
65 456
304 917
312 388
850 303
741 559
993 734
694 967
521 947
576 225
525 778
945 359
641 869
822 617
686 229
93 481
597 892
478 942
264 263
993 958
646 709
895 839
189 204
696 920
891 70
804 594
124 511
352 409
665 646
78 198
1 119
470 675
603 65
653 735
333 351
271 561
674 225
424 706
139 81
71 581
2 694
699 948
364 573
759 452
224 115
197 320
804 447
812 526
552 917
625 742
162 240
850 998
467 474
69 34
516 300
72 937
422 947
128 629
760 250
962 983
302 46
476 382
457 809
218 812
925 402
444 555
513 159
363 752
810 660
934 297
871 552
871 989
112 160
585 640
278 801
551 279
237 786
246 839
298 1
406 102
214 115
222 766
598 664
361 483
326 686
149 195
177 303
906 832
360 965
474 926
952 97
741 464
748 167
546 37
614 18
600 798
658 801
289 508
971 226
824 83
786 563
149 848
286 499
853 700
7 247
760 3
621 62
995 643
313 634
876 350
822 120
351 225
571 868
283 481
718 779
934 329
790 575
878 332
869 675
163 480
323 326
300 795
697 833
312 60
447 889
290 394
908 215
945 245
625 428
141 279
90 29
551 746
916 178
105 66
754 204
765 771
81 838
525 997
59 509
791 626
95 854
543 58
438 490
999 708
284 798
265 150
555 440
29 388
600 234
432 404
488 263
747 321
371 46
867 974
842 503
599 749
771 157
757 90
803 365
515 462
996 378
312 407
408 701
903 210
618 753
89 358
260 869
323 269
376 563
435 971
694 228
908 559
220 137
930 167
643 6
997 397
666 496
711 140
312 622
817 297
164 319
723 729
754 562
995 485
544 813
672 471
741 669
174 329
932 999
707 916
635 789
997 401
938 470
953 880
303 83
237 403
607 949
631 497
587 112
466 239
536 574
815 278
601 434
660 537
257 724
792 229
337 629
377 539
695 184
297 29
906 321
515 751
717 582
775 396
536 267
511 512
428 962
54 961
739 354
210 505
926 120
729 508
143 798
301 539
25 847
358 439
214 906
367 299
486 430
306 49
435 318
90 872
186 493
840 382
405 134
565 761
207 37
254 223
891 549
13 249
657 47
186 724
525 646
370 507
630 119
786 592
242 435
429 378
82 65
326 27
145 366
361 241
662 225
456 728
674 61
525 168
655 240
501 28
80 470
587 624
583 342
350 702
455 688
927 496
734 628
956 975
379 857
792 483
4 577
337 900
435 821
224 145
625 513
336 448
405 401
131 356
106 317
19 992
600 146
484 736
938 363
720 403
190 325
446 438
44 132
501 971
227 66
16 799
435 83
437 835
929 159
319 595
754 166
376 527
966 137
219 180
490 808
371 496
198 344
482 350
175 486
803 78
772 975
343 154
250 46
850 425
82 640
850 229
700 403
317 966
398 112
306 533
122 653
114 580
556 377
179 498
946 453
332 222
106 770
424 80
699 402
286 800
841 465
305 752
41 421
304 196
681 116
313 64
884 426
145 572
781 996
863 538
946 172
579 462
647 660
794 731
84 461
737 156
164 843
773 748
823 173
493 228
172 512
230 758
250 680
218 94
501 3
478 146
452 281
416 369
809 20
412 195
725 809
844 371
216 839
921 343
538 299
778 741
911 35
525 744
781 14
567 645
884 358
978 702
480 629
76 962
499 70
380 807
751 808
241 684
832 288
186 35
677 818
199 164
152 365
108 223
780 343
89 151
238 603
179 941
100 130
764 321
633 744
163 315
278 299
676 967
293 91
515 702
984 227
488 247
871 338
884 780
846 227
622 399
434 480
738 262
370 990
520 918
219 95
616 552
361 27
501 624
469 988
46 159
521 573
91 642
89 743
956 187
698 967
245 949
828 585
131 949
993 679
686 517
597 540
928 956
584 87
557 734
916 369
519 236
314 74
725 506
480 895
730 207
481 499
821 614
966 561
296 683
329 356
374 882
726 835
679 47
836 814
546 87
410 650
896 715
569 359
322 509
380 273
784 309
624 71
983 167
664 244
374 234
884 982
126 707
888 895
763 329
715 789
603 954
289 500
820 37
77 602
437 49
209 335
702 388
585 76
118 487
930 735
239 937
367 215
718 404
872 502
317 441
50 562
974 513
408 195
247 779
585 335
265 568
865 684
501 659
667 710
444 994
865 125
4 93
843 102
811 58
556 195
631 950
315 308
932 19
145 922
696 714
745 231
199 996
893 857
10 520
525 6
317 538
628 195
64 509
986 339
162 293
55 139
556 483
987 230
106 614
65 439
772 310
776 728
996 769
781 835
78 979
532 203
986 465
528 99
381 229
740 570
304 750
659 565
459 79
347 595
540 186
773 470
69 516
301 613
622 989
45 210
797 188
817 643
149 90
959 433
355 213
82 140
243 808
97 47
451 820
212 857
482 70
636 439
39 360
181 73
600 231
554 636
58 115
494 864
682 137
993 285
106 26
416 755
766 381
112 397
270 196
664 694
44 472
352 35
428 244
785 562
142 464
668 445
608 400
79 860
8 808
923 584
215 955
26 974
447 51
755 102
296 452
197 578
465 20
959 62
704 531
658 132
957 397
461 516
867 534
826 229
428 307
964 197
505 154
938 413
197 576
2 385
610 585
155 909
97 362
290 960
628 832
232 403
893 296
804 995
405 455
599 542
714 611
294 133
719 787
529 602
326 54
547 228
610 209
153 727
648 882
609 379
457 808
179 339
515 405
228 365
451 547
867 642
802 309
381 966
296 530
162 838
874 564
454 572
680 449
823 753
482 889
355 108
571 115
322 920
719 514
269 634
478 266
43 485
337 761
766 418
859 823
86 645
488 124
926 961
85 996
54 267
85 715
900 526
135 983
687 799
867 529
777 971
124 220
312 100
418 580
955 709
446 921
210 931
82 108
658 803
296 923
655 54
445 430
787 310
448 95
921 98
967 650
964 943
693 398
410 877
534 386
112 739
760 421
664 666
874 758
2 185
60 699
594 234
880 875
739 294
402 500
224 645
3 584
489 800
888 128
945 998
327 580
782 418
78 509
695 160
329 761
751 706
218 351
511 728
540 799
830 673
435 202
547 641
910 94
624 856
435 171
953 975
939 245
859 586
96 770
219 978
805 130
707 840
534 350
621 981
751 295
528 540
320 273
556 70
830 360
523 729
989 147
333 442
844 418
682 79
162 654
738 539
548 78
544 538
618 758
528 120
68 428
782 965
620 212
228 940
293 95
762 617
454 735
398 475
113 714
454 439
452 837
264 539
277 339
50 216
998 671
767 975
592 701
973 833
239 384
571 268
924 997
488 702
40 753
871 706
781 423
953 27
737 305
878 875
50 981
306 838
548 938
247 348
644 837
80 107
554 952
624 111
152 977
21 339
187 753
531 688
790 580
203 645
529 654
743 560
461 348
887 626
882 522
285 447
796 676
967 178
626 812
3 69
888 788
594 628
111 279
152 131
635 788
976 841
797 639
658 675
166 129
953 574
557 470
666 401
235 800
148 845
476 814
817 653
222 676
204 200
276 557
862 83
528 4
745 723
76 14
520 967
206 785
636 847
2 481
100 434
257 507
719 41
620 779
893 584
908 158
207 792
93 837
602 307
568 758
367 723
84 370
83 703
524 187
368 918
254 222
608 542
681 169
637 20
338 846
957 716
412 41
273 418
352 410
591 798
289 312
387 413
438 67
458 569
184 654
776 526
230 735
108 789
438 679
845 171
695 117
453 512
464 848
803 741
259 335
413 838
294 119
313 53
458 169
651 400
907 82
840 774
393 348
816 505
558 157
760 903
443 220
306 869
207 70
304 898
627 227
459 594
466 523
911 647
657 429
692 115
333 244
257 341
851 215
567 158
253 965
501 51
598 710
573 513
486 150
29 832
954 530
528 344
61 700
304 55
592 335
24 975
1 729
583 117
728 288
364 835
220 831
721 677
581 684
695 778
345 833
797 335
89 943
437 721
468 217
413 723
817 449
892 99
511 949
448 974
941 277
197 130
570 366
941 145
767 833
162 259
253 500
264 517
569 379
906 41
89 753
684 288
38 147
89 996
271 165
499 660
110 874
132 663
106 134
691 447
893 213
60 948
326 698
35 549
178 712
997 171
763 883
697 731
704 553
428 965
424 468
859 660
237 354
674 926
498 241
764 801
429 948
590 512
554 286
667 25
919 4
979 807
5 452
191 574
695 758
717 108
606 547
830 107
506 949
370 291
615 532
72 213
623 1000
105 651
868 310
424 913
412 718
790 763
603 161
781 317
115 190
559 425
743 530
177 442
289 253
633 92
283 639
412 619
390 380
557 97
8 360
452 144
994 714
946 123
470 130
796 757
964 927
90 918
393 577
803 662
734 739
872 279
671 776
722 518
767 428
260 854
693 630
175 26
410 147
678 710
893 716
311 783
302 685
697 413
767 504
408 759
804 210
265 124
926 351
155 681
238 805
22 102
33 975
424 923
682 551
192 948
28 919
935 335
82 378
987 758
312 98
645 526
673 851
108 835
744 727
437 622
248 159
912 214
355 28
823 752
925 684
222 606
846 452
269 688
698 498
648 675
306 272
162 788
174 997
896 575
393 740
759 319
163 259
422 455
72 348
878 31
181 239
126 622
296 79
453 753
704 651
574 403
470 574
969 119
935 676
594 844
437 378
539 95
357 974
565 94
988 229
612 500
876 75
253 836
467 516
936 504
699 275
792 190
133 215
929 854
898 472
939 731
944 251
622 185
453 801
311 180
609 801
443 233
941 251
410 908
800 669
207 512
844 104
791 522
375 612
437 853
6 683
207 841
649 456
175 361
622 201
840 200
284 326
925 854
363 631
781 364
434 194
551 510
331 927
57 417
557 844
881 480
108 940
819 526
142 535
92 155
863 373
330 561
358 42
235 850
632 872
544 456
677 248
322 279
890 868
802 712
876 38
407 195
571 340
509 365
802 115
317 103
730 355
278 360
261 574
35 463
586 15
249 70
150 216
407 892
600 962
940 981
361 42
657 990
399 728
84 267
177 248
928 60
57 938
31 982
959 46
451 922
402 669
829 71
168 325
179 75
503 517
919 622
118 261
651 403
777 833
899 772
440 844
927 955
76 677
24 814
835 449
587 258
754 550
407 608
751 182
337 66
242 5
778 975
93 362
876 507
900 563
347 653
109 75
257 436
797 498
694 115
777 128
64 470
329 442
292 471
10 158
407 40
578 397
247 736
51 485
840 632
925 975
332 784
523 243
108 612
408 545
315 239
503 223
827 381
520 38
505 62
806 758
123 214
896 471
494 286
777 882
922 496
150 430
740 779
80 34
853 811
969 240
658 668
506 225
352 881
909 144
961 750
587 359
545 981
676 654
890 965
525 297
72 470
899 483
694 86
292 568
453 603
658 620
998 981
90 978
78 592
340 618
786 87
811 925
884 334
903 35
323 339
906 644
826 369
696 62
573 654
423 356
872 59
739 729
240 833
347 20
224 69
235 101
9 943
864 228
726 353
552 526
531 26
747 880
571 412
296 709
438 722
927 156
901 949
740 789
498 307
550 396
777 739
842 67
92 425
174 320
399 703
545 360
583 41
368 621
284 999
758 680
462 20
439 205
39 403
621 160
242 700
686 643
459 646
887 83
495 15
945 221
468 703
96 436
677 404
75 134
576 604
607 402
532 687
199 430
596 968
682 383
925 983
747 100
393 873
692 52
916 420
781 146
437 758
351 836
929 358
271 421
815 114
594 334
455 310
377 307
720 133
726 652
126 183
379 629
310 221
451 42
370 783
257 455
443 445
922 909
364 31
222 472
76 617
326 112
820 204
991 211
889 653
991 33
749 970
112 396
166 585
296 144
853 232
919 613
866 349
748 794
337 669
926 73
765 645
342 701
780 390
922 163
887 357
162 279
516 714
411 379
917 94
466 345
561 980
476 778
828 139
767 142
638 14
647 970
625 199
237 982
112 683
69 38
800 65
635 417
499 125
586 384
568 606
276 986
291 386
903 133
696 586
756 233
577 334
894 835
595 835
166 230
841 71
561 513
192 510
451 420
493 714
405 629
888 1
378 99
28 962
576 628
68 340
946 77
290 77
218 131
988 851
232 418
847 147
922 448
641 917
175 559
360 200
815 241
551 924
719 96
843 862
993 464
126 997
738 469
467 799
28 904
757 776
591 358
177 123
903 563
457 90
661 114
249 477
495 273
13 225
864 251
351 641
424 441
603 552
201 443
63 357
311 105
118 985
544 751
796 412
836 708
490 937
133 522
391 869
597 118
97 795
305 154
618 255
229 49
234 480
355 762
864 846
604 758
802 574
648 399
265 153
878 451
163 22
879 550
249 273
637 914
938 122
132 997
460 642
394 951
966 185
930 904
754 191
953 440
24 897
927 275
630 349
820 638
771 109
249 645
146 46
800 19
97 102
969 329
232 431
773 307
119 937
664 971
900 729
734 272
457 135
266 221
645 981
371 939
255 644
117 885
772 724
495 757
681 703
717 764
212 42
610 650
8 260
716 140
661 535
649 70
905 837
196 855
785 702
690 636
2 48
609 173
296 514
446 836
132 938
45 148
30 639
861 877
241 742
419 41
548 58
833 77
206 480
743 112
876 740
551 348
640 81
624 591
59 183
28 334
55 202
813 945
787 314
755 580
345 420
816 449
260 616
270 309
428 789
326 843
763 648
956 251
951 845
914 233
836 141
284 613
971 248
707 221
61 210
633 958
798 247
820 9
681 818
605 442
459 285
265 720
330 139
520 734
68 327
690 26
428 193
446 16
754 611
284 171
927 436
495 304
453 909
902 288
12 776
912 709
17 430
644 367
884 413
718 639
29 779
585 714
864 99
138 879
782 397
336 638
817 701
13 82
168 684
778 685
31 53
235 277
889 172
616 827
90 256
33 701
556 731
752 360
29 363
261 533
935 212
234 111
658 712
484 278
495 981
147 873
192 470
234 297
989 431
121 416
934 425
640 950
554 539
69 309
275 560
978 502
609 401
238 418
967 319
909 799
136 76
28 2
609 575
507 731
682 788
505 572
800 104
286 390
967 553
416 365
820 432
242 53
850 256
484 756
939 150
364 885
659 313
885 79
858 21
482 572
72 486
161 86
7 389
540 108
424 567
431 483
590 346
211 761
166 956
438 273
881 967
93 663
655 48
515 302
170 34
820 384
240 956
94 873
484 803
68 623
705 212
481 612
579 787
122 741
845 982
765 949
484 691
368 678
704 205
427 612
340 555
455 431
425 660
254 91
860 708
921 142
930 414
78 577
90 116
779 992
360 966
795 712
555 314
719 588
142 325
659 990
160 869
836 549
484 601
610 882
487 125
88 806
829 117
842 369
322 814
54 328
252 310
208 148
915 187
450 992
438 442
131 134
936 392
976 942
528 580
911 994
630 73
337 86
421 703
118 335
331 716
627 821
297 165
578 512
41 483
346 386
912 414
179 741
411 513
469 708
120 580
706 873
881 589
909 315
554 684
811 550
198 141
733 952
269 223
668 14
498 325
825 245
523 525
634 774
725 555
921 322
903 761
532 277
25 470
773 885
945 378
452 990
284 735
759 503
780 791
218 640
72 183
7 546
111 478
491 366
790 108
340 425
315 522
692 153
792 872
154 42
569 432
355 827
810 282
197 377
757 195
757 532
237 349
853 96
41 62
247 337
894 344
437 818
350 944
302 308
186 978
859 211
505 783
494 525
149 213
238 641
658 957
49 171
539 233
869 475
722 578
36 563
621 1
777 589
768 480
589 989
621 409
753 66
492 18
658 982
323 343
323 885
41 750
284 830
82 122
589 493
419 101
954 120
303 209
625 646
738 785
609 760
406 608
181 715
63 222
232 886
738 455
330 92
579 150
825 899
764 966
262 978
633 770
802 573
190 714
232 577
407 288
149 207
786 125
79 913
507 353
961 147
934 431
446 314
192 165
946 253
208 834
311 766
82 129
889 419
457 639
387 777
372 653
747 979
243 322
666 877
96 980
305 841
507 504
13 126
815 702
785 137
24 354
494 727
370 712
833 324
657 700
764 301
782 281
909 839
696 605
321 807
78 584
289 808
48 537
250 660
634 212
305 539
488 643
964 517
273 77
482 976
52 882
108 172
697 993
161 80
596 18
408 21
436 185
771 239
63 411
495 7
862 770
929 789
60 774
80 274
725 453
664 299
467 129
221 388
106 523
230 213
406 486
757 810
371 998
353 472
969 385
805 268
556 287
447 18
197 816
888 477
538 255
790 444
635 272
63 159
757 755
345 465
824 650
476 920
240 95
691 619
810 677
112 514
57 287
57 100
332 31
322 533
803 254
624 534
610 932
871 226
143 66
743 211
715 318
840 492
822 894
971 51
352 414
828 163
283 82
984 610
164 710
740 144
772 240
748 137
360 788
774 70
993 232
562 795
412 888
245 968
224 430
460 53
812 753
2 892
951 877
364 751
674 485
296 996
271 298
149 82
164 308
534 449
39 683
583 899
805 473
375 931
958 851
856 602
358 886
817 808
330 310
766 917
521 996
686 591
260 282
737 386
459 116
128 299
871 97
825 902
690 512
777 425
60 826
31 415
246 656
938 159
519 848
936 855
933 93
89 53
579 161
625 281
62 397
964 535
695 457
328 456
242 658
41 134
224 918
813 64
798 354
777 521
243 275
368 431
755 944
579 236
667 743
480 33
738 131
647 75
548 568
938 573
204 433
79 838
85 675
376 327
571 277
619 154
925 183
808 37
917 561
705 165
126 123
598 826
635 841
503 19
442 399
764 119
752 246
905 167
206 414
484 837
255 706
894 406
745 314
207 480
887 147
676 809
979 574
690 194
640 180
525 677
875 115
326 542
111 683
444 359
612 689
941 78
306 157
204 190
554 421
223 194
160 195
297 502
544 267
257 833
301 701
189 508
76 452
901 97
804 122
555 181
276 194
33 834
51 604
121 493
148 308
878 399
850 981
422 895
881 179
407 378
548 470
917 307
346 294
489 535
814 402
924 955
695 996
649 914
919 130
844 79
333 546
490 945
210 962
445 95
434 572
801 883
365 396
84 811
924 517
457 620
849 489
880 209
374 700
694 241
998 614
408 670
192 678
872 647
905 522
142 229
179 684
700 344
865 154
760 851
219 327
970 508
727 821
359 857
28 761
972 701
778 26
121 94
303 237
599 955
775 886
207 560
40 710
174 35
605 70
523 443
423 14
44 399
265 22
888 520
190 553
959 74
630 382
219 783
686 584
198 994
725 341
855 195
72 845
715 723
234 752
329 504
314 169
995 401
138 134
648 453
222 896
633 792
724 67
157 475
466 761
876 356
400 229
254 582
748 681
655 296
235 247
149 458
58 530
933 26
304 529
661 620
641 577
186 240
844 287
152 315
46 940
930 661
90 180
302 129
676 58
504 508
759 259
489 729
714 357
744 827
368 246
62 839
679 939
252 83
64 436
743 18
680 220
995 160
769 205
199 931
978 509
900 101
748 862
63 465
416 967
837 940
603 772
571 851
884 956
907 56
70 526
177 898
984 392
803 90
697 144
405 784
865 559
1 715
554 836
567 877
707 740
717 756
837 660
312 613
321 325
692 948
160 32
435 808
926 645
738 334
236 187
877 497
278 141
863 203
682 136
629 485
44 428
884 836
486 975
591 902
372 32
3 460
69 595
793 610
340 648
825 93
655 669
558 247
430 526
609 889
667 728
207 896
816 962
720 99
524 943
178 415
123 772
453 160
377 402
453 43
232 916
208 23
492 590
406 350
82 950
145 752
55 115
659 334
748 493
960 67
91 753
123 203
30 703
593 413
301 513
165 49
568 403
817 924
13 113
142 37
506 797
398 169
250 348
291 786
260 196
424 409
993 932
569 109
963 4
306 226
262 701
767 937
508 388
398 66
163 47
541 386
682 819
514 948
176 379
651 882
757 820
596 137
655 566
876 54
919 89
737 359
387 740
705 229
179 801
616 212
690 135
660 588
192 410
198 761
720 366
467 805
802 498
172 675
722 541
148 660
152 916
810 448
938 229
618 471
674 843
408 657
147 215
840 249
268 685
84 291
492 150
19 925
460 834
858 546
495 130
3 58
125 795
304 959
379 477
210 211
725 488
551 42
902 628
909 114
910 563
170 662
781 840
616 205
636 18
68 23
793 386
484 140
68 652
289 332
556 463
81 288
694 34
696 996
408 438
348 66
226 626
515 229
755 982
832 807
174 328
878 652
988 377
271 935
727 537
739 857
995 259
338 877
619 363
155 223
691 874
593 125
29 706
566 27
242 272
734 27
810 273
843 171
242 851
489 12
672 563
176 460
186 83
283 307
514 713
984 758
306 931
211 874
347 399
181 932
440 794
192 479
352 667
541 211
468 575
541 369
372 875
289 727
60 299
967 795
153 870
803 751
482 713
201 277
302 996
552 396
48 302
7 846
178 266
517 518
92 926
864 367
857 471
678 663
928 508
668 82
179 272
434 646
365 758
117 246
704 392
111 703
289 258
534 392
204 654
624 883
174 807
813 579
296 800
416 370
941 651
973 637
971 943
261 404
196 908
545 575
803 979
454 331
738 18
323 704
976 509
199 575
609 284
494 470
919 474
138 722
567 92
773 966
207 263
973 887
875 701
908 187
836 578
469 689
453 337
802 754
853 800
278 925
138 48
666 715
838 225
106 237
360 193
57 687
258 250
179 828
454 160
417 357
865 217
519 195
231 981
615 646
859 124
444 862
189 646
610 564
724 14
293 920
238 362
418 272
938 91
944 602
369 261
625 510
151 43
582 345
336 650
243 605
920 430
28 639
979 300
454 94
579 670
297 5
120 617
959 255
544 684
642 388
625 671
599 41
477 848
290 936
519 847
894 23
680 272
741 499
596 244
296 671
467 948
868 274
658 645
162 35
157 263
976 219
168 110
239 981
160 712
849 880
933 527
393 317
854 981
841 193
824 49
784 137
636 788
714 215
991 914
651 640
659 62
884 907
875 439
461 365
593 516
68 415
543 299
988 899
208 679
544 51
679 947
410 128
118 193
571 188
64 119
915 522
808 245
36 213
162 497
797 76
342 138
416 978
760 116
871 475
820 195
135 116
273 95
844 205
75 385
108 537
905 622
283 645
152 685
717 177
284 860
813 414
672 641
583 704
149 245
754 948
823 841
994 124
14 130
235 378
342 722
117 703
804 232
868 978
618 185
926 676
109 320
775 397
538 288
664 656
649 359
419 91
143 844
173 874
930 507
753 983
459 668
579 900
988 468
919 2
628 389
429 931
110 251
624 857
130 955
958 378
525 841
312 990
790 430
583 653
992 70
876 315
290 62
775 830
333 992
146 448
992 513
600 707
860 578
984 66
112 61
90 431
571 482
270 580
609 841
442 703
552 147
568 998
860 33
359 621
774 272
387 316
778 839
641 216
815 61
40 188
476 499
290 994
489 628
878 826
804 254
436 193
181 879
438 550
227 202
749 726
868 134
427 38
138 818
811 570
762 278
842 934
815 745
810 485
653 869
651 568
935 857
216 263
958 318
247 750
286 130
796 847
776 602
726 531
47 562
492 76
112 810
88 456
786 783
934 59
912 633
3 750
82 646
963 685
664 861
599 5
113 462
966 240
10 663
844 650
724 194
373 942
970 377
668 4
917 354
337 654
139 397
391 37
601 295
933 838
935 937
257 921
208 585
72 581
173 516
224 302
426 73
591 51
247 510
996 770
599 490
117 841
3 157
16 295
972 133
439 396
2 506
695 196
905 538
432 205
970 183
622 171
904 356
598 850
368 711
755 230
110 774
369 974
674 56
589 222
945 278
452 429
607 750
603 49
347 656
291 949
98 729
634 834
604 241
155 48
332 834
408 936
583 488
474 215
46 983
304 75
964 82
555 506
540 124
829 807
444 108
337 746
655 144
264 70
690 783
242 163
665 843
594 561
100 561
444 124
238 960
701 159
147 103
283 17
414 433
346 354
7 454
737 792
482 460
394 628
257 3
666 230
896 251
131 216
644 475
89 992
16 935
727 291
717 422
744 927
53 572
383 375
877 99
866 75
695 301
326 753
570 799
434 669
153 83
406 739
725 708
816 98
799 401
521 543
618 598
289 831
488 622
910 103
618 907
441 221
717 647
841 913
636 860
405 603
408 400
620 676
71 502
587 621
534 645
62 797
414 233
204 826
58 73
132 48
846 245
614 750
576 413
699 563
589 727
617 511
790 38
88 417
950 397
238 528
654 449
138 520
765 895
223 499
581 99
777 693
527 874
630 366
306 46
970 739
577 159
509 535
438 374
567 348
153 602
156 522
122 462
923 430
869 710
743 989
804 353
205 981
516 425
704 356
21 895
3 630
212 30
945 726
391 358
827 441
941 935
504 397
745 433
777 399
963 422
996 209
24 267
436 399
617 18
405 511
209 839
860 795
776 334
490 499
190 70
424 703
238 262
204 14
697 785
567 692
467 771
597 433
451 464
958 542
730 247
321 931
745 728
255 685
922 447
41 366
828 612
663 94
681 939
106 211
695 347
145 637
73 683
765 525
798 414
170 701
587 954
16 491
406 917
29 916
566 347
459 321
623 278
696 23
473 309
679 814
903 612
856 478
394 932
985 576
677 731
609 992
889 327
515 377
633 987
527 924
657 604
842 974
697 79
791 575
695 207
12 225
339 542
336 834
550 436
469 848
55 307
408 986
214 509
166 481
173 723
84 45
615 538
982 130
63 604
62 144
935 388
973 500
365 975
476 978
556 69
260 100
498 37
767 958
412 788
264 914
133 508
464 639
427 275
905 784
699 731
562 404
579 506
88 990
585 472
257 182
121 188
562 335
969 506
738 902
52 906
489 978
849 572
825 520
984 376
110 833
324 550
687 854
369 441
12 724
571 224
943 980
583 695
902 164
959 167
405 961
693 581
368 699
278 287
13 235
798 154
7 559
661 442
333 103
115 553
135 41
206 847
52 856
671 400
461 641
254 351
694 981
522 188
207 819
596 361
100 448
841 685
894 90
816 203
239 261
347 334
467 289
496 645
394 800
777 281
934 481
782 892
254 443
539 814
306 936
243 550
345 862
901 962
352 278
298 898
258 817
928 486
149 230
692 310
544 7
227 272
287 18
54 417
446 87
9 899
719 156
853 236
941 267
452 742
944 316
690 647
370 434
722 18
408 369
887 671
528 533
466 746
938 943
855 776
802 622
