1000 10000
911 699
293 662
615 100
181 443
636 688
391 402
444 334
47 464
453 588
868 821
116 565
629 194
390 229
57 803
243 952
256 472
647 980
564 911
348 387
124 512
749 481
838 894
895 363
573 729
741 445
408 697
696 190
13 545
24 253
838 436
496 428
13 907
82 23
234 713
179 515
871 307
811 142
280 272
909 866
651 158
411 838
77 283
6 470
24 26
991 836
139 97
152 245
62 757
880 689
434 69
572 303
61 930
603 707
146 574
31 990
185 865
662 902
469 217
434 861
906 393
707 548
468 441
338 65
747 213
497 538
886 394
653 437
475 623
579 203
4 368
778 653
146 437
976 725
940 395
791 714
973 737
215 796
876 343
753 149
680 891
483 336
533 733
607 777
180 703
131 67
531 43
452 930
163 519
137 170
148 543
315 816
421 905
178 966
550 21
293 608
244 757
562 56
425 456
19 201
124 72
760 309
637 513
277 665
685 841
169 628
253 617
938 888
215 844
785 94
241 403
114 747
846 327
6 461
190 40
372 307
620 297
672 822
26 244
122 426
609 16
952 291
876 239
77 194
966 660
701 720
276 151
406 602
949 293
208 451
678 599
52 426
447 569
406 672
517 123
887 954
875 813
562 271
478 47
132 569
705 796
36 469
83 881
609 996
984 431
486 865
83 345
36 233
74 339
1 296
897 696
602 779
760 199
894 560
602 927
6 117
227 262
873 575
511 549
71 471
590 905
353 661
264 43
824 164
57 648
892 18
484 143
952 717
87 210
878 554
397 336
582 291
765 532
950 724
422 40
163 362
631 887
198 536
250 123
784 248
85 469
700 803
690 470
475 703
883 456
121 394
709 864
726 283
462 203
201 149
116 545
639 452
298 372
192 527
408 67
161 737
913 999
352 998
620 22
267 508
321 773
995 827
236 202
304 240
180 551
780 674
965 113
455 772
526 708
11 627
374 965
590 289
867 330
110 172
256 213
252 560
219 582
807 531
840 334
874 152
782 252
949 613
438 715
65 786
821 739
149 492
729 624
325 446
926 867
741 687
201 68
818 400
735 216
243 903
686 94
39 717
391 233
685 428
807 746
283 739
903 821
225 601
369 113
169 302
241 343
694 356
177 572
478 946
534 709
703 368
136 430
599 387
460 300
839 113
807 513
529 860
397 117
850 607
265 218
276 390
261 733
211 512
293 260
912 280
682 635
465 205
751 707
350 847
571 671
964 43
414 267
674 832
566 425
678 41
721 402
880 80
804 334
337 830
917 515
808 303
370 366
353 539
670 242
609 742
541 841
325 202
30 307
126 673
83 403
710 120
774 657
718 783
770 714
681 918
373 211
620 482
792 42
550 740
350 860
655 946
192 511
997 796
391 684
20 905
195 497
454 68
720 233
933 449
28 878
579 844
21 861
337 272
530 445
204 380
790 781
265 142
759 281
395 965
869 573
553 520
581 703
637 131
478 190
686 919
234 59
749 74
691 646
875 327
520 668
821 492
896 963
115 776
537 763
264 268
135 930
956 548
872 432
318 211
705 103
70 359
253 743
609 700
8 963
370 622
827 9
740 67
691 684
274 66
513 773
741 350
586 503
313 268
352 573
985 306
347 582
890 257
536 395
419 520
160 36
382 675
711 510
332 401
662 285
750 787
998 398
103 520
401 143
529 625
739 939
9 72
529 249
144 824
244 303
192 814
610 932
537 760
589 736
273 1
697 387
964 737
258 573
35 314
278 434
730 43
710 560
545 63
277 70
677 127
604 634
918 246
565 637
792 242
941 626
704 356
615 610
324 206
955 240
926 102
277 691
815 677
558 341
883 339
68 240
551 963
327 170
741 894
491 916
215 530
856 486
177 41
276 600
839 797
704 482
907 424
337 3
842 713
347 697
323 779
782 695
364 437
207 12
472 341
375 632
739 249
163 602
550 791
200 606
351 432
317 264
884 164
961 167
686 906
484 358
879 276
423 990
390 226
563 74
349 319
903 40
366 155
159 120
961 791
969 795
490 628
466 772
955 94
867 990
977 936
457 492
627 441
856 624
428 426
741 439
180 638
709 990
482 323
995 482
779 600
553 492
631 524
55 847
34 383
881 193
384 25
13 408
638 399
654 789
663 149
903 960
883 84
516 530
838 233
438 687
518 131
433 427
221 631
999 718
629 122
911 755
411 33
963 211
190 355
827 788
203 540
683 646
937 932
191 777
374 357
553 482
659 597
853 604
406 896
644 848
370 378
856 857
427 27
521 570
846 656
658 510
88 973
575 977
315 810
601 661
531 291
919 390
839 427
44 84
144 244
13 689
162 606
69 954
362 921
804 776
521 320
177 276
754 843
222 103
858 968
337 461
413 488
253 254
400 851
696 167
354 576
70 827
942 775
779 932
844 568
801 850
819 866
115 816
596 151
744 800
324 124
436 415
536 56
472 50
995 86
701 122
739 777
904 929
411 246
351 236
391 524
733 122
813 877
956 220
7 864
752 237
124 748
703 596
356 911
313 14
550 145
933 650
844 48
982 939
232 331
499 94
955 437
824 327
148 601
257 498
215 415
904 672
641 545
259 724
91 339
251 779
479 435
315 48
409 999
321 962
370 124
148 149
109 176
365 630
259 946
678 501
507 352
50 12
902 993
702 216
721 811
275 960
406 880
19 305
958 79
97 426
411 936
275 544
992 167
327 699
886 794
863 262
977 72
353 396
77 249
700 513
62 295
130 48
62 773
840 456
531 742
165 841
563 786
741 16
36 141
924 390
349 592
60 597
414 110
550 134
312 559
484 445
51 419
743 432
828 465
111 517
269 235
312 164
478 73
61 579
83 682
501 29
864 3
719 671
324 924
784 702
935 582
870 585
71 321
553 206
186 96
475 430
165 528
754 295
318 360
193 266
700 149
395 763
972 560
147 709
227 891
145 876
899 782
632 587
13 227
148 512
142 67
533 263
109 248
651 360
276 731
312 183
627 953
870 944
100 281
324 564
377 799
258 415
709 571
418 233
102 2
194 74
81 938
130 43
914 803
575 861
405 203
667 877
353 635
771 168
614 747
578 755
479 402
58 206
414 440
116 395
40 101
769 916
673 954
680 127
696 882
85 837
573 76
88 893
173 291
269 265
353 328
293 285
966 533
546 229
850 578
494 68
885 233
893 513
795 601
687 242
550 12
25 338
138 349
412 342
907 119
215 862
926 978
98 394
694 134
836 560
202 877
340 16
678 432
614 448
523 916
318 579
457 682
694 162
90 238
19 931
140 998
36 985
306 199
128 995
803 489
897 601
673 359
872 390
244 210
647 544
627 508
682 954
862 120
279 222
879 201
181 677
21 407
453 929
552 131
265 554
211 930
241 404
830 677
642 687
431 843
501 390
381 548
904 805
229 135
637 507
232 545
873 845
446 495
713 357
253 442
828 904
232 243
933 910
443 310
534 578
937 170
833 440
934 296
83 158
1 670
176 94
807 354
36 151
996 758
559 379
900 567
704 387
739 607
190 68
79 799
329 303
770 304
445 108
475 551
917 922
678 190
821 266
390 135
451 778
350 591
620 837
46 661
929 552
614 559
35 341
672 113
771 851
629 716
347 286
855 739
525 430
680 939
687 837
139 8
54 266
825 310
144 25
838 787
984 452
638 957
36 52
451 68
760 584
906 14
909 968
1 286
790 68
164 852
420 543
420 985
526 355
474 228
903 155
565 914
975 541
726 347
884 252
566 530
458 64
999 548
142 573
741 507
802 762
1000 487
571 226
420 222
761 516
561 656
556 976
211 187
825 40
436 880
19 204
347 228
751 909
329 45
526 730
938 635
638 410
447 702
696 299
76 307
637 170
200 832
192 911
591 46
340 954
147 549
638 800
148 266
231 72
261 654
285 623
370 119
529 999
634 783
908 422
418 313
561 238
237 300
586 285
562 754
958 372
704 914
439 937
926 380
782 963
176 854
344 978
757 96
923 127
314 286
820 191
513 72
973 304
350 307
102 360
459 109
534 298
474 709
940 191
13 489
677 439
487 346
42 671
2 380
397 216
269 382
695 333
148 694
74 860
313 392
29 150
496 65
943 123
82 851
484 195
892 697
297 482
885 392
835 646
733 40
365 656
315 892
715 112
758 917
667 865
588 360
867 936
344 64
645 393
414 196
696 78
936 3
817 408
408 49
66 736
789 619
846 965
595 730
39 282
714 426
767 67
735 313
148 57
582 847
797 74
198 588
312 538
825 28
273 290
798 101
566 278
691 575
329 712
121 599
924 748
710 469
111 693
690 332
781 548
174 510
176 993
217 303
293 23
421 3
23 587
69 359
97 44
769 653
167 582
2 205
223 851
550 3
996 146
812 136
636 311
609 552
132 6
683 211
705 23
188 963
523 258
279 970
236 327
535 531
611 743
948 122
54 41
479 309
536 45
815 848
458 624
116 710
981 680
141 345
140 312
764 441
398 514
314 745
105 504
326 170
566 129
550 371
312 630
989 682
104 554
593 728
196 563
589 882
62 76
587 305
937 939
25 785
721 80
213 21
833 386
970 935
662 590
887 155
144 569
178 724
992 932
639 584
938 568
465 206
879 422
523 194
115 504
774 415
773 402
232 402
531 502
986 446
955 967
960 877
575 928
617 291
823 893
480 343
758 974
839 440
431 656
601 927
522 785
804 349
419 628
119 607
645 885
236 796
155 38
810 290
56 377
27 437
417 533
105 346
770 916
633 763
896 404
931 319
573 422
142 503
397 357
591 530
469 304
280 661
175 501
984 722
19 336
256 773
761 844
98 158
58 405
722 861
605 948
408 851
715 218
460 803
95 10
862 125
369 418
363 38
892 597
93 461
290 925
561 3
26 918
7 874
784 2
804 569
580 316
869 278
476 127
434 737
28 319
185 313
677 584
468 488
578 336
200 119
838 668
492 737
602 173
912 610
221 495
839 49
948 756
381 338
997 397
160 667
33 320
838 836
535 117
219 704
975 587
753 470
594 245
793 485
784 748
219 830
883 657
941 905
577 377
52 346
798 216
533 576
853 776
70 644
677 619
128 648
370 750
352 38
462 151
435 902
854 732
236 450
657 499
388 379
742 905
986 817
74 570
551 91
575 326
409 508
65 796
591 989
46 313
556 135
807 675
583 864
162 878
550 766
839 220
75 285
23 456
862 879
56 734
966 571
986 272
668 660
988 264
706 445
581 418
839 287
8 407
470 103
918 858
468 362
565 431
667 388
58 549
692 560
910 756
272 633
112 233
409 309
475 265
70 154
588 143
175 442
309 100
812 407
559 728
982 304
775 621
11 781
394 407
491 283
147 419
479 800
91 1000
343 547
523 998
288 35
721 278
785 40
76 207
88 959
41 103
941 600
134 297
208 413
720 289
345 697
641 774
262 309
973 412
493 499
87 654
365 320
312 223
758 217
114 547
182 841
873 681
393 203
949 552
909 154
244 577
58 563
279 136
468 582
253 352
901 844
466 87
35 335
919 101
545 878
995 380
357 554
820 223
475 312
834 238
533 237
34 606
550 389
989 179
344 547
766 17
805 393
372 848
740 845
141 976
962 585
793 169
26 519
811 461
148 930
928 72
24 916
654 67
757 449
278 206
324 769
347 338
327 428
674 520
802 383
388 549
277 861
697 131
483 431
248 571
385 706
651 877
171 5
62 688
244 770
733 339
247 557
616 792
465 806
474 938
315 566
548 12
486 396
211 292
254 201
981 509
815 206
948 518
51 131
9 980
726 470
364 693
178 267
144 622
353 979
2 845
989 206
26 780
356 988
922 17
975 763
660 635
526 543
808 723
265 395
563 321
804 534
563 386
255 446
586 311
433 862
219 292
381 936
712 968
310 849
568 487
579 775
807 36
812 557
628 482
466 2
375 861
637 319
978 489
609 774
668 634
579 747
798 675
269 653
50 910
996 428
780 378
288 751
429 332
64 131
614 314
36 860
347 578
363 937
919 486
282 17
253 724
329 831
158 925
723 23
153 314
354 205
595 37
321 447
480 456
358 865
908 621
232 529
808 435
196 649
208 753
173 552
350 14
177 271
964 976
966 697
800 737
30 950
180 520
269 640
409 848
678 818
611 473
609 486
69 571
882 437
324 151
159 709
75 377
845 155
212 314
283 488
615 730
465 42
675 372
839 166
90 291
695 599
879 282
211 783
942 400
730 477
406 213
399 235
36 428
674 122
256 54
395 927
173 909
408 672
947 979
247 41
462 504
342 748
36 112
71 487
458 170
658 935
678 388
797 399
653 822
407 392
322 876
694 118
145 557
919 892
716 728
603 748
256 919
620 543
782 245
575 908
687 424
992 931
86 936
966 530
856 950
82 979
825 828
880 259
733 44
88 435
372 728
647 376
945 482
794 327
447 504
579 466
556 94
348 350
966 330
417 489
63 543
689 319
325 416
686 739
817 380
284 989
23 49
112 510
163 783
848 851
841 184
987 600
329 129
475 798
267 313
685 107
830 659
164 187
874 735
856 514
98 66
962 1000
256 638
75 836
423 463
648 311
133 920
23 236
180 835
475 155
475 528
539 18
834 708
468 35
309 624
663 56
971 461
405 281
539 367
704 780
793 455
88 733
363 851
602 202
298 938
996 938
808 344
260 108
313 308
147 891
611 734
172 543
788 309
484 661
817 50
6 323
885 669
617 48
919 841
575 105
255 672
892 184
637 714
750 914
896 309
91 311
419 362
140 863
231 9
389 860
926 693
586 499
102 72
601 527
270 723
800 635
197 320
871 682
972 572
744 150
128 89
420 547
491 671
107 795
27 967
472 720
25 433
451 955
378 619
511 38
647 136
581 959
491 845
899 493
64 321
169 450
652 158
720 510
466 605
458 236
45 538
147 686
471 695
264 650
674 849
958 143
90 775
377 968
285 736
486 497
477 113
890 82
195 275
796 963
853 285
108 305
57 340
375 969
410 935
35 697
239 203
653 122
273 316
311 187
126 446
10 394
353 379
127 456
907 325
537 261
126 310
761 361
384 304
129 707
658 342
622 567
537 949
871 112
799 494
169 800
109 860
818 714
681 467
886 777
538 718
312 464
241 664
131 18
586 714
147 10
597 509
859 784
966 355
409 328
225 314
351 42
347 327
429 380
904 870
855 984
904 29
791 540
96 289
539 282
594 829
209 220
362 510
146 894
404 323
841 139
891 424
610 900
539 530
433 901
693 488
102 46
137 703
481 268
384 845
285 656
799 708
529 334
462 644
690 15
465 684
363 740
241 224
947 956
611 826
798 553
681 349
765 603
934 946
946 708
570 571
419 709
125 460
241 854
770 32
808 679
324 953
806 131
6 936
221 417
701 951
432 204
593 184
367 296
189 967
659 17
808 397
765 740
179 689
919 14
779 843
30 922
970 796
471 481
212 423
105 138
997 852
256 857
780 111
458 436
655 832
317 687
362 908
802 3
91 777
169 124
384 176
731 656
923 224
890 809
815 826
652 322
726 334
543 574
730 826
872 763
246 74
465 319
629 358
738 683
995 671
45 732
382 378
680 960
231 179
21 150
890 781
636 840
123 936
11 503
129 660
470 860
241 131
759 649
579 803
761 408
173 376
312 762
425 483
349 74
676 993
478 48
922 40
577 985
547 762
7 876
283 76
975 836
873 312
198 415
327 725
448 397
445 113
615 889
982 448
639 903
349 532
349 320
931 197
691 306
157 548
298 866
525 245
798 218
182 247
686 114
897 187
597 932
31 197
651 300
254 268
882 239
146 170
195 314
67 724
242 424
667 586
674 143
742 235
800 646
812 640
123 740
348 874
64 400
496 673
903 226
406 846
13 351
279 304
696 377
850 987
778 379
13 980
873 111
163 579
423 600
789 310
451 774
566 533
906 498
185 205
187 442
40 661
807 195
182 246
790 498
647 325
820 796
468 193
641 777
775 54
455 794
129 963
608 296
25 358
435 202
889 844
161 240
112 489
692 545
884 585
472 569
478 387
976 135
673 621
756 334
672 872
501 902
83 49
713 563
983 63
40 271
279 708
404 220
121 32
48 204
730 252
751 705
961 480
493 630
351 415
80 953
429 47
250 843
434 155
694 378
785 54
923 518
290 725
780 282
385 649
734 402
273 85
382 573
224 441
847 371
551 795
189 120
627 782
489 822
211 407
433 310
485 796
622 771
792 711
665 48
819 916
26 442
255 881
776 262
200 794
958 707
536 307
130 619
900 799
475 217
383 661
49 38
217 307
126 958
956 374
823 322
465 335
68 737
30 703
559 525
859 388
824 920
217 985
258 461
533 955
253 915
699 865
315 823
584 309
184 59
118 78
162 460
756 245
130 491
831 957
770 774
846 990
88 898
255 813
429 677
273 994
952 2
566 346
890 539
355 383
594 82
122 756
813 746
478 454
215 988
51 260
528 105
288 904
966 1000
34 310
735 870
134 132
584 781
356 559
493 104
822 289
811 653
800 37
636 691
505 513
670 916
414 114
411 244
631 732
373 72
437 848
128 57
460 52
443 211
576 74
818 442
358 392
594 460
227 73
539 440
735 682
853 242
827 421
779 805
660 656
364 916
133 99
807 844
464 170
654 951
163 248
256 998
160 923
505 527
161 748
646 569
933 787
984 75
744 266
454 911
82 378
31 862
47 671
161 589
504 789
985 948
651 304
662 272
502 40
274 692
21 401
70 793
876 183
538 442
70 933
651 900
56 988
956 707
182 234
922 59
252 415
177 903
259 153
293 383
721 908
974 346
431 660
779 17
454 729
443 17
912 5
221 353
114 463
312 944
682 861
945 182
550 690
373 185
164 213
591 910
429 347
134 630
444 530
180 590
313 664
819 908
558 299
507 322
874 183
408 657
355 510
990 546
140 938
364 544
62 6
453 489
435 131
176 403
70 146
34 48
375 426
890 341
372 524
857 488
128 834
132 840
15 226
440 937
811 755
864 724
972 413
246 447
70 752
165 916
748 226
50 154
128 234
178 480
800 960
835 488
252 210
685 491
458 804
256 561
215 664
215 590
536 8
731 20
815 102
638 203
647 529
587 978
370 603
176 335
802 593
160 309
168 211
637 909
381 340
632 601
116 828
411 378
333 898
5 418
765 995
160 141
721 494
219 158
351 654
4 628
365 422
784 657
911 316
344 943
77 936
580 442
799 515
26 375
443 304
161 614
523 812
790 424
686 946
193 229
710 184
95 152
513 149
760 568
57 508
832 649
7 422
350 424
336 805
800 725
738 816
45 268
417 824
158 358
978 1000
384 745
545 48
215 919
884 61
986 352
4 331
200 1
225 458
663 761
871 867
558 984
85 29
432 422
606 443
198 515
994 567
302 380
710 598
137 366
482 331
110 675
451 606
132 488
279 925
881 395
180 426
93 902
157 844
84 489
189 919
516 646
825 894
899 621
75 877
208 171
297 889
983 218
821 336
273 750
377 898
885 792
234 861
52 242
465 489
299 567
420 351
823 106
580 513
575 5
775 693
823 238
907 522
756 935
11 32
247 865
473 378
147 597
87 910
541 548
751 235
662 236
846 925
284 686
401 898
828 833
535 970
146 79
348 867
258 829
365 702
232 42
468 33
98 184
10 309
958 542
253 903
764 202
603 612
253 121
163 184
604 305
622 93
842 594
850 715
995 167
940 725
490 135
280 124
938 11
947 189
232 481
731 832
927 718
663 369
794 666
759 934
884 740
794 909
490 455
556 690
957 488
655 796
696 844
871 181
815 16
33 321
773 240
416 427
55 755
200 616
384 590
156 641
420 34
167 248
879 867
553 295
423 167
429 160
703 916
1 154
274 601
897 705
259 151
70 621
539 746
942 357
478 287
322 332
124 782
563 346
343 934
766 287
923 847
858 988
838 885
46 946
280 643
110 78
364 650
787 546
265 613
835 854
840 84
58 302
301 754
730 854
66 48
37 695
132 275
690 902
343 399
833 218
385 570
312 153
288 995
383 449
703 837
694 706
405 240
436 829
417 874
146 569
102 722
958 809
490 327
873 15
715 14
474 53
617 946
942 662
899 420
879 872
218 600
351 303
883 432
969 578
940 349
996 400
973 736
678 998
186 441
942 536
219 538
165 733
633 20
910 571
302 848
562 922
417 339
816 123
227 675
846 721
529 518
104 362
717 978
793 283
81 303
175 453
667 881
854 402
570 487
414 409
441 456
297 470
239 888
243 152
559 85
73 167
180 556
846 963
744 248
333 12
533 93
879 852
82 491
589 866
652 827
646 729
995 745
175 233
444 447
871 780
502 872
350 529
712 471
198 452
846 562
670 376
126 158
629 80
140 496
130 159
883 264
92 812
34 8
459 105
785 542
922 199
85 669
992 779
209 732
406 544
112 418
717 133
315 518
22 485
817 310
343 866
243 639
398 332
912 828
742 717
653 616
522 402
632 707
667 364
879 997
707 960
563 53
677 722
280 421
472 404
61 977
358 292
167 216
14 108
420 425
116 393
581 491
163 296
804 239
767 531
405 574
566 997
681 941
486 42
241 647
695 220
606 42
842 104
299 571
558 356
643 407
171 292
595 729
338 114
191 252
994 968
303 309
890 89
277 542
996 124
823 104
198 118
549 783
698 809
198 421
989 263
817 860
765 613
956 173
241 712
256 289
88 942
76 407
138 17
924 422
102 764
19 977
830 580
54 688
883 796
801 426
302 407
61 942
752 608
817 990
352 158
297 692
54 546
171 110
541 545
410 214
351 447
711 402
616 684
823 994
823 394
19 537
712 214
753 437
168 993
310 214
838 654
340 612
708 155
321 403
162 50
575 729
766 43
75 946
479 547
144 973
500 888
404 304
841 91
788 950
52 805
735 428
721 532
695 477
712 78
413 843
726 909
630 335
830 906
815 342
263 393
608 316
665 699
171 464
501 955
337 971
390 891
55 730
561 237
137 15
873 452
913 121
417 541
738 252
410 366
306 218
602 213
912 661
501 235
529 552
672 967
415 978
926 2
315 594
454 88
270 509
261 437
726 68
245 473
526 524
130 989
889 149
525 735
767 349
423 80
144 739
258 299
178 978
690 699
628 684
352 477
411 377
283 290
577 340
503 601
977 240
467 743
51 403
710 6
26 820
701 131
513 664
141 339
25 372
55 648
225 88
658 421
114 711
603 845
161 422
709 214
933 837
232 16
435 401
104 918
723 372
719 68
559 770
926 618
590 291
85 763
708 851
401 619
321 921
615 703
996 867
937 755
633 445
638 462
6 540
897 359
909 929
627 167
140 867
631 860
212 976
672 916
875 568
811 567
892 734
916 935
142 494
743 418
294 749
345 754
808 484
639 21
116 185
730 428
109 917
192 985
175 57
899 880
84 346
536 413
874 569
280 529
581 612
575 359
160 177
830 929
967 396
513 197
454 809
712 281
882 725
883 79
725 847
169 692
945 412
176 501
459 941
545 216
97 781
313 226
992 257
29 93
80 816
10 226
33 171
997 223
631 332
804 141
174 206
293 65
338 944
913 79
523 691
471 331
35 426
753 266
265 472
163 707
722 766
689 103
160 495
721 582
701 922
40 861
1 72
180 953
25 524
595 827
137 223
706 50
193 560
451 283
476 72
329 392
73 653
7 211
90 857
638 305
844 94
918 590
299 98
537 502
795 518
601 296
19 451
582 905
758 520
186 629
269 828
580 692
856 421
255 578
479 132
758 94
607 668
147 834
694 727
199 210
279 448
169 15
816 921
924 578
418 646
286 851
454 706
80 682
958 729
433 521
642 502
893 544
381 815
317 116
71 366
425 597
190 113
332 239
294 530
461 368
996 212
107 9
457 424
773 291
846 654
797 752
10 17
879 717
825 311
174 319
77 832
510 477
476 935
636 906
70 549
257 541
482 649
653 745
28 999
466 222
219 135
627 402
357 661
841 707
769 366
913 819
620 120
998 43
853 132
537 748
563 542
707 624
646 248
422 671
198 888
109 462
670 668
667 297
705 485
620 867
34 554
859 962
98 813
372 426
293 97
610 622
481 707
329 216
785 319
126 643
130 105
823 471
668 707
265 93
363 398
800 711
329 337
2 571
28 939
881 592
947 999
764 993
484 469
555 147
699 927
186 101
33 728
893 571
360 492
598 173
90 432
51 401
60 500
652 299
717 813
144 546
174 279
441 305
406 942
274 133
906 792
21 240
294 483
44 235
901 168
550 99
616 319
451 428
116 990
307 930
164 14
214 487
324 802
40 240
683 262
425 416
145 72
752 53
491 296
547 313
507 587
107 205
2 228
324 36
761 660
150 570
789 826
93 164
991 543
13 634
602 960
670 832
301 276
604 465
775 665
207 314
615 786
519 486
389 357
398 965
464 573
351 400
430 359
174 231
885 386
14 946
594 557
615 545
125 201
507 193
676 117
838 810
279 331
817 737
975 933
879 114
454 944
51 209
537 29
420 833
464 199
609 380
60 233
961 554
62 166
496 937
236 771
185 395
838 314
976 962
663 622
926 512
775 23
258 418
615 846
742 78
734 731
952 183
342 470
589 581
818 222
617 68
42 600
288 626
876 237
343 387
38 877
264 860
573 755
992 240
911 184
501 297
455 249
283 584
385 367
324 788
256 231
940 901
365 131
133 108
77 138
738 135
278 98
317 228
597 532
345 67
315 39
39 505
931 638
467 950
337 425
373 439
859 833
115 369
74 777
144 982
176 461
486 538
811 588
63 330
994 233
303 851
85 286
41 287
363 102
469 108
280 50
109 538
893 78
199 623
902 781
326 309
636 828
496 909
626 133
279 833
344 398
705 724
194 485
163 545
616 252
189 927
317 485
249 806
46 729
168 725
638 2
853 793
765 469
838 817
632 396
577 571
176 828
536 443
441 640
675 276
121 645
537 484
931 651
243 951
764 708
662 108
687 755
820 17
881 557
555 340
689 439
55 282
130 195
801 485
410 17
221 67
104 851
744 590
262 339
461 848
695 864
448 967
92 639
486 792
448 78
438 600
219 330
782 378
144 922
270 548
964 858
703 386
224 987
217 760
598 98
780 442
459 795
726 361
192 1000
823 889
790 382
201 585
518 845
672 845
551 275
598 365
771 193
496 628
838 659
711 783
789 403
829 728
192 918
162 552
810 153
524 736
553 380
247 977
444 4
842 440
188 506
133 477
390 861
565 455
701 560
175 764
825 934
382 34
726 888
889 568
275 748
817 99
249 366
57 226
527 456
280 627
79 826
491 214
759 464
814 518
938 65
507 813
355 464
436 557
482 372
374 852
130 290
212 949
148 917
990 431
969 682
989 131
496 647
537 699
301 439
73 113
722 737
192 64
822 155
274 43
256 460
355 714
743 259
561 917
626 512
472 491
828 962
648 852
709 15
174 5
66 149
916 585
112 563
775 722
233 898
792 898
698 627
810 617
469 879
616 546
237 482
790 287
530 226
267 289
355 648
501 573
95 424
182 143
701 770
641 211
340 699
466 650
85 821
972 592
899 483
50 963
457 795
225 580
974 616
223 266
394 1000
921 153
758 193
597 843
268 560
651 359
327 588
681 473
151 220
166 833
139 782
535 630
799 894
162 333
457 387
480 851
328 560
715 538
194 660
472 443
462 207
632 465
129 584
635 17
324 830
257 250
762 937
245 732
227 993
343 943
913 909
36 379
984 691
438 343
586 54
586 583
906 943
579 576
763 542
807 621
638 901
977 300
317 735
420 860
4 935
904 520
965 393
69 3
523 674
559 467
683 494
761 42
476 600
709 570
370 879
919 99
812 146
85 309
631 600
208 498
25 631
855 853
703 851
696 541
778 695
701 974
416 649
348 592
322 620
145 707
182 812
677 697
352 894
344 993
752 285
812 885
959 386
817 112
13 630
212 438
773 587
26 708
92 773
613 693
429 247
749 888
547 67
498 991
417 170
985 464
747 291
455 962
484 546
121 79
750 692
976 929
297 917
558 325
700 991
852 437
95 715
816 67
792 560
19 20
421 786
365 764
912 995
526 467
507 65
288 803
602 14
727 988
820 867
77 282
767 431
906 320
280 158
831 506
519 494
128 830
721 683
253 407
173 893
502 822
969 443
608 987
315 689
367 378
941 18
173 572
821 376
760 205
636 488
202 335
130 366
382 582
565 939
769 936
217 563
516 775
129 878
586 753
645 310
797 785
447 155
769 206
177 199
128 706
893 450
24 935
547 193
218 888
323 816
269 157
788 127
412 396
270 611
961 782
164 786
807 23
790 343
391 279
912 336
168 450
857 153
825 305
105 606
920 316
274 558
561 529
744 425
225 694
88 682
56 752
39 12
636 27
217 421
372 792
850 755
354 430
348 988
692 447
958 743
923 420
725 619
859 648
770 922
200 394
923 680
632 170
433 978
295 424
225 801
4 689
675 760
154 184
186 326
505 138
378 271
677 314
808 226
176 314
556 282
215 143
551 341
375 979
713 463
896 56
873 987
475 360
719 75
867 587
472 505
522 990
178 962
636 482
577 12
964 711
272 612
474 929
395 657
990 311
940 660
678 492
345 159
141 519
175 322
225 826
186 918
476 616
735 693
980 860
57 80
584 199
466 374
706 299
277 498
998 584
445 518
600 220
496 744
219 331
862 736
696 436
923 63
871 835
284 193
317 626
427 612
581 338
25 337
693 113
752 14
504 206
407 286
1 159
306 305
713 292
614 672
892 774
338 596
351 84
638 94
962 861
633 106
55 748
126 864
591 672
734 549
177 817
61 616
104 432
713 529
70 485
115 491
696 424
110 896
77 57
970 568
631 783
408 216
490 307
111 616
959 445
880 834
961 252
665 660
476 941
976 443
842 443
956 587
891 878
970 748
501 586
681 242
568 724
23 18
704 570
263 249
448 684
938 809
162 860
674 111
986 37
409 319
836 305
268 120
249 150
516 536
177 699
633 101
83 845
664 235
92 343
519 570
990 822
903 285
889 439
716 351
856 203
177 663
198 522
230 395
102 289
625 740
741 750
232 665
785 53
514 316
61 378
270 305
51 487
981 415
595 560
42 229
586 645
188 766
273 845
165 828
4 69
653 509
351 968
945 553
139 849
350 837
126 551
462 774
989 868
259 213
972 733
237 580
986 106
536 709
896 48
241 641
225 218
931 529
374 397
637 770
429 118
643 292
751 403
906 413
369 881
145 777
632 795
503 920
678 957
182 49
172 756
138 688
98 898
454 92
560 220
686 702
863 939
697 20
539 473
367 542
275 437
990 916
961 717
243 663
507 603
258 932
816 309
866 281
251 784
84 783
969 275
835 296
375 631
975 394
49 777
589 812
617 210
325 285
750 226
77 900
615 327
134 626
180 367
636 630
890 230
525 168
55 620
344 169
26 824
496 816
602 78
676 233
804 299
964 941
855 776
161 802
446 94
61 848
893 771
652 955
637 520
872 684
710 634
597 937
836 170
642 537
159 818
209 886
971 814
232 586
259 858
725 669
895 185
663 559
681 563
91 985
146 422
125 840
696 638
527 211
565 329
740 378
255 491
45 113
710 84
182 504
765 604
978 649
137 163
653 37
158 848
539 8
655 586
316 131
448 718
705 518
345 918
243 983
883 474
58 374
547 407
293 153
524 634
701 271
896 3
722 396
629 651
70 910
752 754
557 518
565 831
414 548
372 870
88 603
658 416
450 371
823 218
367 746
244 828
469 418
158 78
969 867
953 38
679 951
608 252
19 208
39 639
852 487
762 86
269 703
716 880
966 755
693 3
342 542
964 96
358 99
992 378
257 204
757 646
388 868
441 415
20 197
863 120
454 991
8 286
699 289
457 959
87 341
188 724
126 493
354 68
767 238
364 102
876 159
598 457
998 668
152 193
780 104
400 979
842 986
26 20
952 40
658 734
435 123
178 846
887 646
317 900
391 697
518 860
212 822
956 504
895 187
355 586
39 654
25 221
856 755
391 396
468 443
440 360
364 410
23 17
236 510
662 512
561 943
391 603
478 228
284 29
768 371
546 932
817 601
618 300
471 508
57 2
217 306
680 72
404 386
381 664
996 680
645 718
438 621
592 206
338 891
227 93
825 632
859 848
956 809
771 944
508 920
418 999
581 650
526 674
842 828
481 593
488 48
966 143
995 548
483 321
189 130
231 11
354 889
483 654
705 261
903 448
95 290
992 483
697 834
420 676
303 170
899 869
663 334
444 301
414 60
54 661
399 510
158 20
879 37
227 284
759 251
406 615
112 640
496 458
767 84
838 544
433 787
176 548
273 173
578 113
322 431
692 644
384 715
911 684
872 332
491 607
636 703
718 380
633 401
145 249
577 772
24 162
709 554
377 261
350 714
34 74
280 307
408 63
282 891
690 796
253 401
112 217
461 737
683 122
616 768
180 181
215 247
302 114
589 893
868 499
667 592
595 759
73 264
127 621
502 89
284 122
717 392
465 948
81 494
869 750
25 832
759 887
188 850
917 18
507 876
244 570
411 260
572 735
519 191
95 778
174 650
324 75
994 764
819 586
124 89
712 509
280 441
673 721
662 18
730 371
144 198
687 481
163 234
776 905
15 852
547 17
412 606
961 13
899 893
301 129
462 16
493 579
743 747
28 547
971 605
863 584
429 710
815 42
776 529
288 256
779 442
227 16
451 249
931 108
765 863
198 812
817 921
119 988
47 881
638 791
765 788
39 251
409 574
382 167
787 583
976 220
570 640
132 205
78 699
459 426
246 168
28 704
871 129
475 780
767 319
28 943
780 849
767 301
961 897
144 151
255 922
114 309
60 889
39 332
884 872
136 308
637 211
566 958
903 239
322 760
919 206
36 684
827 295
301 281
845 568
496 438
825 332
26 39
137 586
620 170
604 129
62 237
536 114
539 606
858 63
276 76
534 557
694 307
109 623
617 549
244 393
744 246
507 295
189 888
350 482
46 123
44 487
414 641
987 925
373 722
45 152
539 393
634 314
122 661
70 551
531 774
859 493
19 772
110 625
209 371
445 43
24 428
608 167
411 691
634 319
855 264
455 78
270 896
805 621
444 390
940 448
444 909
125 927
284 695
674 103
132 487
550 703
598 333
200 923
215 403
909 441
111 327
793 689
141 97
899 822
982 595
412 34
712 709
592 560
394 401
793 725
384 695
543 222
736 845
142 285
788 205
715 167
769 311
556 523
639 965
192 784
726 903
148 695
673 909
698 259
382 910
751 944
191 606
189 906
618 858
701 748
566 628
4 404
84 207
710 466
491 628
186 43
636 788
926 45
385 134
971 305
243 34
355 162
522 840
670 757
66 373
458 838
841 939
679 597
270 626
961 341
182 584
990 894
412 480
924 661
66 990
820 541
712 731
984 998
496 257
716 213
375 677
496 446
980 745
24 816
988 379
138 596
347 939
19 146
765 235
966 587
912 434
186 703
215 543
166 38
110 450
328 460
182 328
965 18
584 968
315 571
169 511
490 561
468 326
942 294
972 149
725 67
838 716
500 707
579 93
176 503
345 844
227 701
195 845
505 214
267 627
747 635
52 211
525 502
73 294
385 403
805 335
496 451
182 41
602 120
715 96
566 435
701 35
525 834
782 443
686 957
491 599
978 371
996 349
704 265
444 993
996 43
643 289
722 600
414 904
694 237
535 571
910 238
678 234
493 521
531 513
592 980
344 772
90 102
209 826
867 495
875 512
815 997
516 437
24 792
683 427
412 349
790 807
997 424
241 408
418 213
974 968
161 263
572 843
992 214
398 937
219 456
174 185
998 187
350 139
773 739
987 305
180 925
586 654
748 725
944 506
47 366
8 418
566 239
776 445
95 675
850 141
293 296
460 129
6 157
957 905
975 442
853 41
257 980
984 131
69 403
190 398
742 573
185 682
917 527
970 150
759 621
491 511
532 307
880 44
241 476
673 306
589 37
994 834
317 366
147 323
547 569
738 868
30 191
178 854
969 344
924 207
583 295
959 587
751 286
798 967
601 117
715 628
525 792
516 617
590 407
602 201
139 843
734 154
973 193
704 871
535 695
110 360
124 487
969 474
533 785
983 619
44 320
130 5
596 8
782 305
663 321
141 404
84 860
941 371
900 283
602 708
170 999
372 583
935 396
384 70
863 34
478 77
275 346
375 509
178 879
273 877
769 764
363 971
923 799
459 858
682 320
309 101
423 674
337 572
230 950
690 995
177 268
827 587
234 509
668 314
705 447
642 718
498 460
145 233
236 845
922 688
935 630
468 739
691 100
338 918
490 130
289 203
479 517
673 487
670 866
199 861
373 164
243 701
75 196
605 465
255 103
251 150
119 150
922 392
749 832
700 508
762 103
562 369
520 660
569 249
641 244
976 504
969 931
190 304
368 843
178 197
355 549
290 799
983 168
891 511
771 543
259 249
152 860
897 848
807 601
579 793
665 281
454 674
923 313
288 549
637 568
572 326
795 506
637 187
82 194
217 756
261 235
225 541
604 709
88 241
414 880
945 573
395 506
996 523
253 843
523 146
566 456
178 980
24 56
719 546
551 133
499 380
750 934
444 250
501 788
637 11
288 869
956 731
340 640
294 252
608 786
337 575
209 11
997 849
629 167
892 263
997 218
141 802
575 990
88 779
647 588
774 113
33 508
987 443
44 852
46 756
966 749
840 649
355 17
594 512
648 314
321 226
445 99
996 787
84 310
60 708
290 487
850 373
959 237
959 599
959 736
66 361
559 483
247 622
944 426
466 545
160 748
280 222
498 624
517 740
543 271
73 229
101 786
844 309
647 135
81 903
253 101
779 844
195 305
285 40
887 833
575 833
61 822
318 735
282 488
457 569
293 249
460 89
828 114
902 868
212 332
284 470
761 853
904 782
550 491
176 953
182 756
546 732
719 286
300 285
398 592
873 718
234 714
974 320
823 736
478 226
853 289
814 977
436 139
671 725
899 467
577 238
961 584
212 917
974 181
193 688
680 2
705 96
678 665
945 34
219 724
196 52
884 336
663 300
572 43
279 166
912 657
727 438
774 460
9 210
89 99
614 370
318 394
596 889
95 592
345 302
79 588
675 889
182 971
855 187
130 300
471 834
629 100
637 139
715 224
753 866
784 206
761 843
523 245
134 339
195 979
574 965
353 716
258 359
541 508
886 326
598 53
134 775
484 713
29 549
624 12
655 765
884 795
57 623
667 426
159 953
376 120
947 8
887 447
311 220
198 993
488 9
653 335
789 849
855 229
526 343
200 141
471 927
742 549
924 196
509 150
704 557
98 861
547 285
466 748
250 84
719 127
797 567
181 410
663 628
480 335
312 822
872 89
969 509
850 201
636 744
616 289
866 587
590 12
663 603
547 251
694 428
404 184
694 617
144 141
95 578
497 806
712 561
270 952
757 978
694 886
391 539
498 473
500 997
57 524
941 892
118 740
185 664
896 852
466 857
396 378
490 995
263 783
272 644
348 270
738 498
609 861
263 650
413 757
107 197
109 308
897 194
416 72
945 778
478 746
793 199
766 127
800 877
471 494
293 888
68 512
671 737
747 463
798 976
64 661
985 633
681 65
923 960
697 891
675 755
658 343
983 939
173 236
466 755
924 7
404 341
912 381
345 902
514 951
219 231
35 442
246 527
613 495
75 323
476 706
503 359
526 762
109 633
776 373
189 508
716 693
175 297
36 197
897 642
108 220
596 644
849 489
880 378
604 733
462 728
663 91
995 481
526 320
363 590
138 362
459 121
986 857
147 708
342 789
589 237
713 120
964 423
674 513
112 223
487 540
817 117
780 291
263 492
256 146
140 592
520 248
73 379
312 791
51 613
147 635
643 393
209 730
995 639
971 666
92 99
522 473
329 320
973 42
886 505
73 607
115 755
429 778
536 226
850 709
256 952
94 724
998 791
375 934
193 669
780 503
896 849
932 783
482 684
273 337
812 135
637 682
907 162
525 136
855 312
386 570
39 734
502 202
19 268
451 412
995 980
303 233
490 645
52 213
176 515
558 316
474 15
219 620
5 271
324 861
819 744
831 213
225 301
601 9
773 428
706 37
498 203
118 571
82 393
530 960
710 612
285 731
769 127
253 353
670 688
45 560
586 948
471 139
525 258
557 697
388 418
533 978
631 517
534 389
78 944
923 695
321 372
839 550
541 532
500 617
51 836
690 497
710 402
719 495
458 491
966 372
105 928
44 736
178 104
791 17
185 149
590 757
416 135
887 666
410 42
274 206
626 660
483 870
880 295
992 653
217 332
710 568
431 67
687 442
277 255
967 335
196 568
312 513
637 190
451 120
893 413
327 916
437 333
624 3
710 982
928 357
897 660
152 802
341 379
602 86
429 365
857 656
141 487
943 601
533 517
490 211
329 705
410 103
602 190
114 669
907 756
886 827
148 877
511 927
119 564
171 787
558 98
186 939
164 199
831 756
504 154
694 528
859 6
522 489
33 601
581 41
647 896
169 959
54 207
8 779
550 284
160 512
48 450
652 260
486 101
51 760
902 599
613 187
302 311
827 446
595 640
243 630
629 982
983 314
521 617
455 748
575 327
102 471
361 754
33 53
254 775
414 739
713 97
528 415
642 358
804 312
773 14
637 252
875 93
484 94
997 224
478 17
641 603
721 966
45 935
390 920
26 44
679 640
337 48
566 511
284 581
162 136
915 339
546 383
159 813
7 103
326 925
105 262
696 970
620 981
478 782
161 223
721 892
459 934
329 653
535 812
189 866
154 625
977 415
354 623
982 660
818 623
953 538
280 393
700 481
206 426
663 145
556 287
215 326
126 706
219 164
258 592
756 89
984 785
459 349
166 1000
635 387
580 100
70 574
901 656
85 713
705 214
101 718
118 879
492 837
813 184
651 400
658 481
553 892
626 485
496 561
144 785
474 473
948 878
654 748
379 358
5 829
995 833
598 220
316 120
976 918
902 49
119 822
345 488
171 442
47 925
412 40
290 309
646 852
638 783
778 89
232 562
350 244
265 503
148 888
522 279
696 510
734 864
433 130
159 763
200 421
444 478
39 543
679 246
572 452
835 113
761 755
427 570
679 661
493 48
834 248
232 397
52 424
703 307
992 693
254 308
479 240
709 773
404 946
253 410
328 920
60 178
846 248
536 532
367 845
681 554
158 67
800 240
659 383
650 358
850 489
317 860
561 106
727 344
23 779
130 680
824 495
535 273
997 8
565 273
353 59
190 168
863 700
869 787
505 870
953 380
104 861
209 838
312 86
230 184
881 666
808 941
897 462
503 331
389 835
916 40
57 597
627 623
679 809
329 972
643 763
225 160
569 707
253 338
759 339
590 991
963 155
517 441
325 918
641 129
791 582
428 979
51 812
975 828
652 313
37 368
147 302
189 320
297 978
413 79
160 616
949 536
254 999
10 331
906 519
469 998
973 421
719 457
27 783
2 281
127 1000
908 197
790 56
464 236
612 14
565 111
475 612
141 123
958 337
293 330
367 432
394 271
519 50
284 663
698 123
22 554
864 143
284 69
126 388
823 497
76 487
602 938
23 133
873 16
846 973
859 721
231 789
231 612
444 292
92 259
810 512
794 743
602 542
164 545
377 246
70 418
681 809
643 796
858 684
374 981
144 745
448 40
581 355
33 952
246 772
138 520
23 898
479 752
655 240
846 794
128 509
490 182
710 185
322 934
823 514
823 848
692 833
406 290
230 764
923 671
404 319
104 707
899 289
583 216
457 786
391 426
227 244
670 20
977 601
262 424
550 632
114 586
767 663
967 777
250 833
460 106
545 150
763 307
219 874
975 487
466 852
510 634
439 422
694 817
429 569
521 914
931 362
215 229
181 268
162 970
650 927
158 702
947 882
804 196
192 336
121 915
161 503
730 925
200 819
581 604
986 537
208 733
532 946
972 881
480 946
550 821
601 777
664 854
459 836
466 162
652 1
386 789
839 508
747 470
842 852
638 732
620 341
765 828
350 420
468 176
280 822
742 341
294 245
994 787
79 428
458 514
750 292
181 772
88 424
738 829
130 745
209 248
690 732
651 261
855 380
715 597
1 524
574 403
251 214
180 868
269 569
743 32
681 779
675 662
408 179
476 779
47 499
53 286
24 7
609 33
324 921
871 972
16 648
923 575
122 424
913 41
219 846
267 151
738 712
293 367
194 2
947 699
904 635
984 460
597 396
778 316
321 844
866 309
458 733
590 668
269 270
96 845
563 783
721 776
27 922
97 619
719 846
718 426
762 560
92 511
835 571
462 170
522 296
740 203
117 495
804 462
79 832
879 736
578 789
312 240
558 47
112 466
248 239
751 541
245 94
647 313
362 920
487 548
690 530
812 308
768 864
190 257
253 753
273 546
45 944
166 943
13 580
488 207
379 953
985 688
137 425
342 226
553 287
273 898
976 515
594 731
177 280
912 357
81 449
958 270
439 499
225 46
437 877
917 590
98 196
164 53
793 522
726 950
284 23
276 359
856 544
830 762
577 260
626 266
161 345
872 218
365 783
128 95
743 122
807 216
801 152
469 164
329 921
989 574
797 35
132 407
638 338
759 330
97 515
633 557
863 249
224 699
459 155
125 948
97 960
534 164
376 40
117 445
555 359
562 674
914 845
475 250
56 891
438 170
405 68
255 944
820 83
961 83
212 521
340 932
760 990
957 724
325 571
55 720
128 432
581 777
613 679
698 410
350 563
437 286
742 224
44 68
768 306
429 756
969 872
398 718
381 30
900 545
44 792
270 789
151 625
466 426
372 693
363 365
26 636
231 922
612 980
850 700
195 75
417 793
31 284
831 570
651 14
171 528
807 304
20 600
125 582
180 231
20 745
97 864
338 96
129 446
821 239
324 598
598 258
416 729
839 53
972 102
752 330
88 8
555 400
985 756
751 639
690 789
227 285
775 733
297 463
244 744
897 712
1 216
685 170
80 962
87 898
76 214
992 626
774 327
629 983
161 780
551 933
296 621
981 187
19 775
102 447
480 857
873 268
338 619
278 280
96 568
117 67
177 250
517 331
667 938
655 794
511 936
284 689
367 505
244 159
618 985
200 815
127 426
89 745
713 432
128 371
556 131
376 440
160 680
420 626
149 99
928 845
92 405
205 153
759 11
274 915
685 789
284 892
690 367
696 831
39 567
993 847
435 327
130 561
30 686
227 217
182 774
973 146
941 32
425 330
958 988
180 476
57 297
731 649
674 524
741 480
342 606
37 439
581 293
97 779
744 803
875 657
58 64
81 50
658 261
866 206
600 728
559 938
427 334
476 573
284 509
192 148
579 729
894 445
445 786
578 424
237 100
227 39
839 807
4 857
827 378
451 623
81 789
376 736
85 103
174 752
374 167
528 363
427 202
641 440
85 251
187 845
811 570
655 5
641 927
375 737
315 197
846 597
592 669
277 681
423 826
151 916
181 387
367 971
23 499
667 625
83 194
340 3
700 542
808 700
77 482
963 216
965 358
200 746
146 271
406 677
419 760
602 222
824 560
507 873
982 68
375 381
679 633
244 892
350 470
726 539
561 617
795 649
340 979
186 766
13 33
440 309
276 407
455 151
408 97
165 322
541 953
37 756
307 403
188 749
982 326
183 786
591 716
458 674
706 998
918 310
468 498
685 2
277 552
118 145
824 702
207 783
738 342
566 5
890 426
227 491
609 577
533 718
439 383
652 901
994 698
60 821
186 830
703 509
412 129
348 1
341 894
679 669
824 950
673 672
473 216
222 21
809 930
809 99
58 854
405 645
456 950
914 392
925 100
753 390
882 354
774 434
98 538
531 457
192 172
952 527
856 993
812 449
670 770
573 935
496 835
819 439
804 706
71 683
748 538
771 289
468 985
731 226
728 888
208 1
692 296
337 59
472 561
667 52
531 725
280 780
977 540
912 555
134 591
507 521
219 833
344 680
19 833
775 752
301 773
931 170
808 422
895 941
889 206
975 337
991 878
219 415
482 795
691 300
998 757
897 769
408 656
114 700
227 278
75 18
771 666
550 251
161 746
973 946
895 697
679 108
362 695
798 867
521 445
183 668
804 793
219 255
802 821
257 616
893 296
394 506
457 787
972 422
984 659
218 108
948 394
16 504
284 914
719 795
137 699
56 756
610 259
518 449
528 404
498 330
433 462
564 358
972 105
293 452
537 98
46 22
767 461
294 624
904 601
895 249
54 844
364 822
890 709
667 624
810 50
163 778
194 291
501 413
522 643
717 32
381 212
573 416
923 834
862 122
465 739
130 980
280 369
328 76
230 848
869 760
182 97
906 495
37 935
175 242
294 747
941 858
743 351
886 701
165 959
221 300
559 536
7 640
797 564
99 59
807 939
614 861
741 561
19 949
223 755
324 716
191 991
486 560
478 843
200 218
62 448
811 787
388 586
416 22
698 662
345 518
850 853
191 888
352 96
527 568
573 487
933 154
940 407
991 108
907 806
687 374
90 910
429 516
924 334
862 932
951 666
265 611
166 150
609 497
163 368
748 393
823 68
219 462
636 254
14 32
310 135
638 718
686 836
817 213
942 606
943 737
984 154
317 113
791 210
425 464
107 113
497 930
88 487
381 42
901 249
947 196
269 487
587 939
629 224
512 950
614 485
266 403
739 422
685 204
117 21
685 365
768 249
504 538
808 467
658 624
255 143
589 702
118 538
972 273
192 798
652 472
970 737
479 773
197 737
144 997
966 938
767 814
895 735
219 926
690 936
351 980
337 898
678 483
493 426
160 825
13 686
641 796
117 201
791 316
965 540
931 2
189 851
694 947
284 791
973 360
812 935
615 165
612 94
867 722
643 43
525 105
283 936
363 938
906 530
356 395
546 805
484 785
551 287
827 852
175 998
734 214
892 108
629 573
226 220
969 45
839 890
157 238
580 524
652 386
192 442
707 621
590 206
174 679
660 339
306 170
342 740
474 75
899 79
854 295
395 722
329 685
409 306
966 32
500 351
437 53
609 191
794 787
322 197
198 281
171 572
575 379
301 330
431 399
974 834
977 285
462 682
290 133
663 64
614 93
667 910
614 227
458 575
914 822
533 775
846 295
691 392
140 119
834 292
769 308
961 807
966 286
618 196
358 3
412 770
982 656
812 952
989 275
176 267
797 869
976 739
486 407
769 309
171 850
243 464
474 58
675 944
556 828
565 350
764 724
22 76
175 899
496 486
604 498
559 187
231 419
189 821
13 739
849 843
129 205
148 156
684 963
639 644
403 392
584 150
566 843
741 749
769 559
606 927
782 510
133 506
454 193
923 29
615 63
663 737
580 981
176 714
128 374
655 510
818 268
781 544
355 970
603 858
523 722
221 541
61 971
382 81
180 436
641 296
62 926
162 634
198 647
352 653
846 828
550 823
105 94
215 845
33 221
363 290
26 3
471 671
559 369
253 474
179 65
719 992
138 902
111 682
769 90
43 211
995 111
651 627
270 620
785 252
350 646
701 621
771 849
390 538
496 289
275 214
225 802
709 76
681 216
474 79
931 957
481 702
208 251
961 624
715 925
517 224
591 542
362 813
949 326
29 250
125 864
60 117
798 669
774 131
839 867
923 436
224 584
480 153
793 990
612 89
985 403
697 41
293 836
255 568
986 74
313 878
996 911
411 173
682 432
145 207
577 616
859 301
406 42
736 554
876 205
818 48
886 359
215 835
277 241
712 380
533 754
779 529
482 954
391 711
663 553
678 749
551 194
922 205
808 620
247 774
646 796
686 340
195 207
496 398
453 542
46 920
942 981
845 737
55 503
267 900
123 864
907 127
187 199
653 682
138 733
2 339
60 82
531 245
894 851
576 1000
284 798
51 507
175 79
288 386
404 517
938 380
663 222
241 968
641 625
799 117
591 977
815 828
261 164
409 479
899 632
779 193
974 365
749 753
70 21
620 509
842 284
602 562
833 585
60 976
940 463
411 353
703 771
338 18
293 50
659 963
535 248
133 746
64 143
726 785
622 753
762 416
215 775
217 676
423 43
391 302
30 669
613 532
750 492
765 715
97 17
780 876
270 860
561 201
230 668
384 956
404 223
134 53
567 571
525 893
60 745
198 166
555 777
144 133
503 59
970 285
44 149
148 832
51 742
519 155
353 514
922 238
971 970
561 822
280 625
308 621
142 123
217 779
30 302
364 346
294 91
86 316
111 656
566 178
145 29
141 2
846 396
963 711
130 541
267 179
132 214
258 263
815 301
846 86
653 376
318 421
369 847
859 63
504 49
765 892
961 921
173 832
160 334
677 877
703 129
264 402
287 3
36 573
95 267
955 120
389 343
502 157
200 650
718 837
324 221
36 715
897 100
947 281
746 260
462 818
266 487
411 820
696 605
10 239
693 18
141 441
190 204
352 271
16 106
727 620
989 316
833 319
301 290
501 572
337 783
236 470
387 38
909 164
479 909
986 504
804 477
101 402
819 974
591 115
238 463
973 755
743 735
490 843
36 220
453 289
629 671
894 805
804 374
126 876
221 574
324 66
642 667
390 14
988 756
636 196
411 188
620 816
557 805
243 782
115 689
530 743
501 155
92 505
161 507
397 271
230 570
828 153
509 543
751 115
365 155
858 89
19 723
858 168
269 431
106 238
188 124
578 214
232 50
438 717
158 393
655 895
653 17
597 307
555 819
215 380
461 52
432 214
704 733
467 242
611 651
374 170
189 985
569 305
349 211
484 193
999 94
612 473
595 465
523 400
884 886
982 795
605 898
794 301
767 935
156 498
926 216
882 795
706 910
938 999
773 955
420 105
61 431
483 664
772 587
790 773
278 604
409 639
850 338
926 314
883 187
119 976
227 205
685 774
111 962
520 295
974 220
775 748
857 518
878 732
582 220
797 216
325 520
926 49
696 366
429 120
280 386
773 201
956 179
215 322
895 267
811 906
231 689
502 852
639 882
893 11
753 813
597 993
80 397
412 74
148 415
716 978
749 340
80 149
480 102
350 624
577 905
735 470
691 6
765 761
573 513
148 536
388 709
256 885
984 799
491 810
899 707
884 761
22 836
156 768
925 724
368 935
761 654
819 570
759 750
315 349
699 968
694 76
46 332
531 483
318 323
689 376
871 770
229 38
781 392
98 233
122 939
365 557
908 635
141 607
340 938
817 605
24 721
841 508
558 111
485 84
820 657
533 398
498 648
536 166
686 935
267 750
337 877
985 463
815 314
98 94
490 575
668 861
141 684
692 572
153 335
705 983
586 446
583 346
85 951
798 918
176 915
720 285
859 592
875 399
126 943
881 840
991 816
299 814
976 146
987 506
137 718
98 582
813 452
213 359
933 229
64 49
236 885
416 954
884 230
491 983
507 571
173 445
39 114
750 38
285 428
377 740
641 93
177 563
706 543
799 627
462 888
171 951
995 930
665 864
411 454
198 23
57 492
158 22
664 870
194 428
462 204
337 554
65 865
641 970
606 779
243 162
124 421
467 864
538 170
430 832
792 968
979 72
535 447
325 149
920 120
448 224
792 117
945 946
918 296
427 782
381 546
110 914
876 477
360 920
667 193
134 796
765 454
139 835
914 151
47 774
584 649
171 408
841 328
628 251
365 289
416 87
808 822
165 408
889 512
982 563
996 238
814 633
433 855
317 584
141 333
559 133
911 135
804 81
215 999
956 875
167 921
701 551
323 304
475 722
118 381
670 129
788 809
651 358
366 877
328 12
382 52
555 473
476 345
375 887
589 195
460 222
241 758
198 107
606 650
355 335
501 471
241 967
929 987
263 656
33 948
533 59
85 971
2 263
634 220
592 634
726 644
475 85
26 78
961 234
666 950
743 390
345 271
413 224
476 150
277 728
417 861
398 463
480 360
522 832
642 815
539 824
885 452
611 448
856 484
964 848
382 200
45 728
219 937
139 214
478 962
102 810
382 138
731 520
253 276
323 32
126 486
893 106
678 211
509 316
385 715
744 529
370 184
915 963
828 792
79 988
726 621
804 599
605 979
755 623
770 574
408 162
22 8
842 385
47 803
107 2
62 441
304 184
112 708
744 692
421 494
432 805
489 640
277 311
991 41
833 732
882 373
579 216
508 331
850 538
315 891
602 464
327 732
519 901
116 552
727 675
820 588
539 500
475 450
704 134
23 666
556 172
328 79
858 149
723 894
344 376
325 722
16 155
532 319
751 72
144 941
690 633
710 190
705 252
454 917
933 818
579 941
315 910
168 43
126 995
857 282
354 336
219 274
846 362
705 127
246 593
416 113
22 548
672 427
329 469
892 617
750 671
589 559
798 844
911 320
144 54
945 390
992 447
538 864
165 403
831 930
767 408
941 960
893 20
915 431
846 587
641 525
973 693
823 234
173 764
994 755
521 542
545 585
459 599
869 303
771 426
794 772
863 281
659 971
404 777
68 508
535 493
176 120
459 645
214 463
749 453
659 669
384 997
612 242
855 441
337 974
516 527
789 207
719 460
804 223
623 12
871 214
824 787
57 783
324 875
373 728
118 826
964 415
849 202
77 895
658 810
462 15
483 504
589 716
717 921
994 561
324 39
862 724
386 669
110 775
522 866
311 542
672 711
148 449
129 773
812 74
869 933
208 714
174 447
535 99
790 496
269 548
545 612
809 131
788 155
251 32
874 480
75 457
23 789
52 439
180 849
526 757
573 529
921 335
469 11
496 247
616 368
618 573
882 922
678 950
647 42
698 107
391 369
768 44
558 648
998 682
733 117
596 538
529 333
29 210
941 841
322 533
181 791
924 3
857 89
528 795
694 690
419 343
626 821
986 855
820 282
24 183
201 624
974 54
938 993
397 816
105 65
883 582
244 518
916 108
13 123
196 760
844 805
19 585
704 172
345 508
385 441
761 656
358 1000
45 251
716 576
25 399
909 952
814 918
464 729
899 44
856 833
760 911
526 749
181 157
70 82
137 178
236 822
612 422
981 497
757 792
132 764
681 740
838 680
410 861
850 935
382 896
332 549
815 911
221 607
134 628
341 736
903 487
775 788
681 453
20 847
469 302
613 266
85 223
526 245
46 916
534 585
559 205
719 681
285 688
599 754
808 991
632 725
664 520
947 94
46 925
458 789
388 5
90 526
496 894
479 848
258 901
474 162
27 396
976 672
942 480
679 240
51 997
566 899
82 32
306 32
514 183
456 94
451 486
462 925
697 84
600 401
134 101
299 412
885 671
926 968
118 342
533 210
765 918
397 392
375 518
7 45
33 159
400 133
384 509
288 729
827 483
993 745
93 366
631 894
119 928
602 404
839 560
391 434
132 22
695 908
274 56
530 567
628 426
801 609
617 795
288 951
485 847
890 466
419 467
803 127
952 207
438 828
14 206
174 431
109 473
413 282
637 425
839 258
912 16
526 422
972 760
706 795
179 728
610 393
174 303
974 355
356 376
265 851
536 903
924 96
947 420
156 39
536 631
95 299
500 915
312 250
644 560
575 544
921 999
515 263
298 272
862 56
160 896
267 349
82 549
710 536
323 755
110 285
71 802
732 623
643 917
695 650
835 711
912 630
195 732
192 101
598 465
21 624
956 559
31 737
977 74
116 669
889 289
464 844
709 940
507 379
355 816
343 668
620 335
573 773
769 685
57 135
700 993
81 784
158 605
681 45
620 143
591 338
977 380
883 628
663 531
846 2
608 517
658 621
979 905
762 473
581 342
277 105
873 191
908 378
91 492
976 167
854 796
255 661
270 593
112 737
535 927
656 718
25 599
83 519
638 108
444 881
385 369
188 322
684 74
410 599
659 732
895 892
964 80
914 27
853 946
735 67
11 94
940 399
232 657
6 914
994 34
984 245
641 692
985 593
482 206
350 397
490 53
498 204
528 243
984 371
559 714
579 805
789 877
472 683
381 979
842 732
404 514
290 402
713 693
81 646
643 625
550 992
863 72
872 122
817 82
230 990
949 510
134 389
338 724
302 745
433 504
565 281
37 392
19 930
39 942
347 142
513 366
882 786
642 674
394 393
609 924
782 680
755 649
490 530
511 184
398 79
814 222
70 867
384 262
231 990
453 240
439 403
498 718
727 649
109 859
86 593
652 809
815 595
857 53
535 840
778 224
276 74
602 888
315 59
75 567
171 578
269 663
373 608
347 465
429 779
983 849
411 243
770 957
157 600
982 593
638 576
306 619
388 701
241 745
701 229
812 469
43 378
79 14
353 119
758 389
831 502
986 976
222 644
259 844
65 150
301 872
610 447
290 699
198 842
580 282
701 993
484 211
520 621
633 916
28 83
227 253
501 16
994 977
675 752
182 202
123 492
397 415
112 517
294 368
147 197
807 100
274 36
972 332
718 113
230 42
750 371
810 543
925 905
71 361
236 101
907 533
961 513
690 592
147 528
85 141
765 432
391 673
75 729
608 773
774 67
967 540
106 619
423 469
694 972
921 877
498 65
324 554
209 664
457 431
481 588
569 319
13 922
189 254
475 233
609 781
763 320
594 675
139 657
858 184
651 183
250 834
23 563
592 955
438 487
25 502
180 71
227 535
299 920
555 900
327 396
102 909
147 745
342 303
50 197
86 803
943 15
673 363
814 845
648 330
520 424
56 547
653 505
361 460
695 932
926 990
637 975
873 223
279 554
31 289
227 518
394 304
773 489
33 858
680 993
773 745
464 242
556 371
852 216
31 599
428 487
715 603
484 472
997 514
636 750
764 545
776 314
353 942
381 578
474 809
798 744
693 432
361 124
924 252
647 620
636 273
425 87
480 325
379 660
148 712
613 197
841 932
29 373
364 295
551 78
177 934
976 264
109 810
130 428
75 111
785 955
388 889
25 937
996 413
576 122
243 554
199 108
395 383
705 879
609 593
989 150
961 189
412 918
884 441
762 748
105 960
440 568
302 502
140 695
779 67
167 449
800 503
897 171
595 434
348 700
544 17
721 692
290 583
338 803
526 54
926 477
691 516
177 134
435 2
921 96
364 971
820 946
5 538
175 619
105 795
530 218
614 378
221 413
982 45
642 321
749 521
683 42
721 389
77 587
404 246
343 150
277 36
758 440
820 240
140 709
612 127
134 816
637 41
578 67
552 392
869 795
354 781
353 452
551 477
341 946
995 204
710 339
690 878
260 634
62 622
530 517
225 164
398 390
944 122
534 826
791 644
491 343
862 822
770 226
748 296
173 183
70 114
38 320
6 902
710 412
49 809
538 226
27 946
825 101
82 592
833 725
236 22
652 979
790 482
156 633
704 951
952 80
576 518
188 867
556 385
850 431
779 40
293 510
181 574
710 78
861 220
966 640
946 359
382 647
971 635
991 635
722 800
791 657
13 544
559 174
218 725
324 837
444 552
772 477
992 169
30 856
858 59
739 511
639 687
710 40
857 239
391 953
824 653
871 774
430 305
525 159
435 612
507 228
555 92
818 11
129 206
873 240
262 204
719 374
819 970
887 503
643 482
72 383
727 176
793 516
493 359
917 588
175 181
241 152
881 437
803 271
279 229
209 62
828 987
598 748
388 167
159 368
873 877
364 941
468 731
535 278
391 171
966 290
812 480
264 108
257 760
996 119
938 548
581 737
807 965
404 951
598 191
110 869
816 668
351 894
965 877
747 847
26 175
711 786
560 424
145 971
703 735
409 465
318 216
561 711
565 581
4 445
481 987
531 644
459 623
815 782
835 14
615 383
606 393
699 202
620 880
720 424
30 188
246 266
547 53
212 17
719 440
953 296
637 184
801 463
875 557
33 105
232 14
25 550
86 252
645 424
838 786
811 771
620 676
25 397
425 123
382 538
874 836
828 708
896 431
80 392
13 4
766 646
575 510
765 426
133 587
961 91
992 729
223 304
618 465
427 921
493 985
885 20
817 356
361 395
325 498
531 204
159 940
352 880
440 437
438 244
909 339
248 202
494 9
68 568
752 908
230 123
109 873
327 910
39 527
565 149
39 150
556 541
306 668
355 720
65 532
583 228
324 611
672 307
189 132
92 777
693 492
436 648
226 708
511 864
629 249
232 32
496 898
293 834
550 338
367 3
219 980
65 664
909 977
874 900
87 287
694 766
129 546
715 654
830 994
172 336
46 643
771 999
794 562
610 254
439 554
577 903
976 76
288 378
674 979
284 27
698 351
486 512
790 947
832 851
19 522
873 703
299 834
496 168
964 261
363 292
567 67
578 485
47 18
493 249
604 536
336 582
823 464
342 771
366 560
791 76
191 63
996 491
71 220
690 643
180 72
824 777
57 952
608 826
563 644
394 695
535 794
886 747
796 669
557 319
759 671
539 583
889 600
261 205
370 940
212 359
553 94
815 141
243 367
130 39
194 341
941 777
41 202
871 559
722 386
525 993
949 796
824 576
430 836
812 485
362 448
896 301
966 980
773 488
344 307
21 737
13 80
530 399
706 436
992 231
462 372
299 580
178 363
475 378
665 632
209 150
679 628
871 544
842 472
995 728
655 453
248 59
896 682
642 56
681 789
51 292
831 120
389 910
321 816
796 927
139 124
758 646
375 394
566 602
900 568
454 479
662 442
825 909
64 733
787 962
398 365
37 515
84 20
7 861
513 543
598 72
690 323
598 661
565 464
917 576
764 576
772 707
62 652
949 245
592 492
192 699
377 461
893 909
709 307
275 739
265 280
525 44
348 119
966 529
251 845
252 644
591 802
617 722
502 320
996 806
700 327
104 600
306 106
480 816
341 84
110 207
873 951
28 542
941 752
388 860
291 307
479 464
840 333
284 720
863 153
237 183
757 822
577 155
606 962
70 228
618 449
612 113
327 773
275 170
73 179
698 991
884 285
60 120
129 634
752 852
251 864
880 623
896 633
64 44
697 306
772 127
881 983
524 366
998 339
253 1
124 422
438 806
110 549
506 927
384 634
555 282
301 86
697 728
8 503
408 736
317 211
550 930
454 484
615 796
975 827
60 457
780 276
276 601
221 17
288 396
652 968
751 56
747 368
7 449
760 857
523 888
191 898
377 580
324 856
385 875
878 53
531 434
733 753
364 345
820 880
523 759
300 291
525 672
715 413
900 813
200 14
804 946
282 310
261 286
820 742
437 204
828 772
88 58
126 890
419 441
832 442
265 456
999 877
691 125
459 428
408 8
609 230
828 837
102 166
982 366
324 261
300 108
709 291
691 557
998 349
269 169
767 622
838 250
874 601
981 492
906 768
231 977
414 971
630 783
412 220
887 936
219 340
399 684
979 442
638 439
726 262
731 330
188 331
158 3
279 997
417 926
534 367
788 988
838 601
169 950
626 377
178 792
116 762
780 462
33 150
406 627
807 703
819 287
159 576
658 919
620 320
857 529
971 980
614 628
940 991
913 889
517 634
776 331
647 445
923 702
276 456
375 699
769 497
778 211
243 844
376 387
62 258
92 807
21 570
58 141
504 358
808 112
182 561
694 888
693 745
897 338
69 512
545 401
610 647
232 525
689 660
900 240
278 463
542 12
530 191
764 228
114 283
247 455
365 245
739 532
466 914
550 120
726 848
637 389
900 403
689 503
987 359
278 388
650 12
942 687
117 262
717 979
141 728
613 236
480 827
390 103
215 754
841 746
425 572
698 38
642 320
116 329
205 226
846 145
140 799
687 656
277 289
931 194
535 919
107 925
55 154
816 346
126 462
384 638
80 542
213 286
581 252
692 117
285 520
958 762
375 108
261 319
735 666
808 15
658 357
163 725
835 889
367 950
146 331
816 331
91 616
595 104
917 432
753 281
637 750
234 784
423 242
529 487
870 359
274 306
675 326
405 796
628 362
579 374
87 821
771 835
813 851
715 633
911 866
815 35
340 465
915 870
273 689
455 319
128 391
181 722
486 120
994 687
314 120
468 928
51 793
480 421
160 66
981 540
575 242
404 554
36 725
914 407
690 749
501 795
215 640
808 71
666 847
124 532
683 394
555 554
73 682
871 856
870 445
945 402
658 566
811 266
769 432
926 395
808 268
374 136
312 613
587 809
363 749
117 48
629 312
810 885
321 960
484 946
312 46
186 359
122 546
874 965
468 451
135 235
715 802
700 728
436 15
895 96
970 680
951 295
628 619
355 96
773 43
564 250
66 722
985 735
140 241
622 410
434 440
417 598
296 600
352 531
639 893
479 112
691 234
4 38
645 487
960 888
24 340
753 806
414 472
750 373
507 834
274 492
819 105
58 11
423 977
62 47
611 44
912 9
63 885
629 135
976 87
622 488
13 931
876 168
909 492
924 183
97 149
186 925
181 206
897 515
843 777
118 426
744 552
685 174
121 699
134 905
820 342
507 207
924 62
353 58
956 999
496 361
249 538
817 925
738 166
680 773
278 586
514 980
438 789
842 586
764 928
165 442
943 259
804 266
227 152
706 129
705 114
577 660
484 579
931 940
425 847
144 951
803 944
862 841
420 281
558 56
375 688
608 708
829 905
175 122
810 313
616 313
631 11
232 229
472 96
526 85
775 154
874 389
266 937
413 754
595 343
288 454
188 226
965 756
148 924
530 932
887 979
95 337
80 872
817 335
561 167
825 164
19 568
39 930
516 911
943 222
118 523
673 264
231 800
303 621
83 407
778 837
997 292
611 766
71 736
673 68
744 6
815 863
610 415
652 622
64 743
862 598
261 993
55 938
189 20
598 737
801 488
198 626
750 17
486 509
123 470
247 325
37 309
34 292
716 447
466 29
494 877
140 907
989 11
680 12
522 959
224 407
802 398
558 815
845 786
177 864
498 580
991 656
511 197
884 848
434 848
690 377
753 450
770 520
876 185
581 224
269 57
370 619
446 306
825 108
118 943
839 451
956 654
481 729
265 866
182 259
718 728
190 151
952 12
842 250
379 729
453 574
490 454
82 412
584 366
429 881
225 298
144 958
526 435
835 574
941 69
269 284
613 452
523 374
399 17
425 229
641 830
996 690
986 572
932 861
221 398
776 310
369 421
56 206
241 177
643 999
63 921
604 483
156 559
171 718
30 570
328 724
874 497
386 122
276 680
318 484
490 778
126 652
918 96
775 563
767 85
525 532
375 771
514 245
911 281
458 482
158 968
212 22
710 426
521 999
471 771
556 718
92 601
128 484
438 446
161 595
705 260
827 693
609 737
65 418
617 431
926 519
647 107
63 939
523 397
51 231
182 32
404 978
627 993
47 3
906 932
642 683
532 656
655 792
533 123
902 306
219 746
748 249
322 250
608 153
125 527
613 34
969 50
367 41
923 892
659 32
981 54
179 139
575 179
762 955
612 222
501 925
317 854
633 133
811 715
114 471
909 143
662 499
692 822
730 453
315 172
614 638
680 826
175 662
834 854
458 285
662 460
977 84
178 652
60 458
361 837
391 505
686 388
630 3
451 588
376 583
743 510
959 524
369 980
152 335
784 287
148 98
77 39
425 739
892 366
698 612
667 96
24 513
118 980
138 485
152 592
916 286
64 806
663 854
279 503
414 470
21 210
259 150
275 2
353 836
647 605
969 809
647 339
974 167
176 425
389 218
434 194
655 588
839 692
849 371
185 783
941 818
165 623
237 360
458 314
453 557
377 136
563 857
302 876
819 888
429 777
77 608
409 978
780 22
652 308
381 210
810 563
641 64
613 252
802 283
538 512
455 795
209 49
560 94
267 72
695 963
138 218
511 371
201 403
599 108
526 717
223 346
198 374
616 870
856 72
738 691
90 750
209 293
377 166
182 663
318 194
219 958
377 394
928 339
114 72
247 880
326 296
90 407
769 870
353 341
133 980
884 642
147 446
713 504
10 434
819 509
28 74
546 621
874 672
476 858
284 543
294 759
892 399
841 657
535 514
797 831
152 834
212 316
169 941
190 97
855 743
788 849
793 950
701 170
703 500
4 997
556 469
141 168
550 174
670 788
827 138
8 549
529 100
735 203
531 79
779 488
377 983
976 806
457 164
927 656
66 746
565 700
45 32
942 633
514 224
802 20
971 946
454 221
646 894
352 9
741 233
49 878
705 296
994 989
448 268
995 578
820 416
1 492
533 554
993 560
904 400
567 316
765 129
186 886
441 925
839 795
859 822
433 252
680 199
350 108
563 795
547 37
258 906
886 236
75 21
354 782
519 456
270 335
322 194
801 864
60 129
583 218
785 250
275 18
741 85
811 604
31 443
44 832
290 393
147 807
772 218
37 963
897 970
194 59
30 599
830 296
730 635
658 275
267 519
874 901
151 59
555 613
684 854
122 59
579 359
761 666
475 418
694 969
408 521
377 818
941 612
155 463
751 590
284 599
577 464
388 117
343 563
498 185
231 563
192 932
35 978
648 441
140 747
962 908
931 783
362 504
895 135
223 624
514 18
999 59
801 563
895 343
395 789
972 481
773 335
332 877
913 888
537 53
26 235
90 45
158 600
298 289
192 824
500 143
719 37
984 296
986 462
642 300
770 296
655 881
169 194
225 241
142 708
875 456
940 657
918 426
349 164
35 377
389 368
739 205
793 492
614 403
258 717
765 267
318 930
689 687
435 826
858 927
177 798
178 195
521 268
675 682
706 469
701 904
961 526
654 226
603 248
819 328
521 788
534 115
811 237
244 764
476 716
769 586
347 182
803 295
355 955
511 624
247 439
690 987
664 965
537 54
564 837
249 623
147 63
411 993
365 113
629 272
376 335
745 401
513 238
637 241
377 821
338 576
896 627
615 739
176 887
361 127
502 473
109 246
961 489
224 213
265 457
975 262
964 441
820 708
872 485
940 692
842 746
765 178
27 20
428 123
808 305
615 469
501 286
855 751
255 530
959 249
176 96
353 431
631 968
834 380
414 782
643 606
998 365
298 395
572 72
620 498
903 151
16 951
514 606
858 380
827 56
23 488
438 938
93 657
104 191
318 445
886 861
866 229
758 799
648 805
267 228
317 356
195 295
514 990
443 649
164 168
129 512
241 217
825 736
564 93
574 560
974 725
454 603
579 111
726 488
769 346
328 72
430 789
683 23
448 387
887 106
762 421
56 197
156 14
278 377
179 132
691 714
41 905
459 544
550 693
345 153
664 630
416 441
526 921
994 214
271 319
400 625
956 301
516 93
609 320
994 403
961 676
521 158
992 487
379 220
779 621
744 511
524 606
675 69
372 980
130 806
179 416
931 851
104 518
916 204
700 41
140 434
815 254
232 485
820 221
638 435
142 784
301 835
827 922
36 613
290 314
853 734
253 181
989 502
58 201
733 87
765 989
241 351
302 286
942 5
434 89
820 5
891 358
647 593
581 635
147 107
315 693
451 305
13 529
237 781
467 624
485 944
312 775
502 587
451 714
503 334
25 184
949 320
991 49
683 252
171 333
19 127
992 217
540 143
923 937
149 510
109 447
322 395
711 101
990 238
119 97
269 517
228 143
75 799
434 993
454 688
200 281
87 442
491 259
615 517
364 276
176 948
109 200
975 412
491 35
761 136
275 153
523 120
824 249
414 720
459 49
313 518
343 86
658 744
112 530
217 930
159 717
178 914
222 242
986 112
765 597
98 283
479 950
558 553
148 322
44 864
616 399
280 63
632 201
836 100
4 687
51 773
429 427
261 3
982 412
171 730
626 552
227 590
897 265
324 501
230 69
133 403
815 358
577 430
662 136
923 762
215 679
943 197
480 937
778 999
855 515
907 504
804 920
349 201
496 226
551 845
519 336
490 269
990 74
490 873
552 930
211 18
814 771
769 914
262 291
86 693
411 193
823 650
602 392
326 936
502 300
26 579
525 254
444 223
998 97
31 738
481 688
128 554
105 97
33 877
609 327
258 800
996 669
176 815
275 509
821 229
982 23
301 65
761 735
875 437
629 387
322 714
982 851
959 816
372 401
672 747
621 18
368 127
175 723
700 821
849 861
842 918
855 100
716 905
931 71
890 967
398 84
916 14
188 995
966 826
485 891
455 281
217 106
633 627
399 249
25 57
655 911
425 185
162 762
842 794
437 656
690 354
115 979
790 621
615 217
6 756
188 878
468 620
919 751
4 974
753 191
820 984
526 601
347 266
868 905
648 640
323 319
410 920
913 80
828 852
109 114
431 380
851 640
610 188
209 252
579 183
534 955
347 923
831 786
608 632
913 626
769 454
765 758
270 687
500 689
194 378
83 79
36 529
250 546
476 511
513 518
165 120
137 229
324 621
163 395
490 394
556 907
225 598
1 69
528 816
391 133
972 155
913 435
607 67
746 927
496 281
427 697
808 185
71 756
171 611
761 773
589 481
397 852
711 640
969 453
173 955
253 487
5 76
97 584
411 14
795 787
502 283
464 684
641 238
887 661
547 510
467 630
162 889
51 387
760 837
324 937
972 125
97 576
602 640
406 996
712 334
815 700
642 272
531 743
530 41
536 50
55 150
694 864
189 805
827 635
858 403
344 239
674 951
180 670
700 358
629 473
608 753
144 60
465 803
225 534
306 888
909 473
850 69
213 845
899 739
276 383
715 473
385 508
325 511
30 836
60 927
519 745
608 249
29 407
296 657
971 665
58 107
867 432
792 12
507 122
931 229
33 685
279 921
324 949
995 334
118 293
316 113
957 20
531 590
685 896
715 731
757 401
899 15
682 621
411 895
551 245
16 69
375 234
167 936
280 702
959 397
721 185
188 379
156 549
709 997
952 138
726 645
525 72
237 96
793 168
414 185
998 194
603 477
892 80
295 335
433 258
386 510
821 281
111 170
771 133
479 714
778 449
171 367
790 304
177 290
88 77
27 792
893 908
257 674
19 105
739 206
480 687
969 973
92 788
256 604
678 646
609 638
293 802
88 331
735 930
604 795
685 692
119 981
429 601
142 774
31 906
163 438
50 9
896 501
433 259
931 358
862 669
213 59
959 228
433 417
412 988
739 226
112 97
828 711
810 952
331 106
791 583
632 155
527 666
681 206
778 66
109 551
16 287
362 465
363 472
247 91
115 113
20 135
956 529
215 893
96 150
556 173
194 15
278 529
315 872
717 228
519 237
350 696
77 720
780 530
363 753
117 3
165 814
455 538
513 520
992 660
911 72
280 590
144 271
639 529
270 661
324 7
591 968
587 805
159 332
528 653
992 302
926 932
885 32
461 488
633 407
186 443
318 736
971 2
413 376
518 805
156 38
98 734
201 193
612 546
817 955
631 184
595 635
628 772
109 64
93 191
825 929
481 585
721 426
457 766
165 514
4 402
37 849
93 524
976 380
645 441
949 305
645 849
546 127
71 349
830 748
298 514
632 991
301 597
78 48
6 870
182 668
522 980
302 387
136 336
409 721
710 683
381 575
591 709
824 903
6 281
170 89
381 93
130 351
628 728
298 851
720 731
672 239
381 611
981 439
655 868
377 783
451 577
176 721
51 879
364 604
575 905
459 852
945 143
533 962
794 651
845 829
721 666
312 526
528 466
5 619
762 605
571 898
889 424
760 733
653 392
712 784
188 826
95 944
568 238
475 4
169 584
173 143
173 199
907 279
189 872
563 791
874 632
896 46
667 21
246 606
904 296
981 910
189 871
313 708
873 408
253 149
958 356
917 518
154 43
44 233
484 184
429 908
845 17
663 202
134 75
838 313
95 844
188 983
406 482
994 758
915 453
117 836
925 583
5 517
351 585
815 393
679 799
363 100
790 275
105 677
695 664
553 236
577 747
217 100
148 300
24 662
719 272
701 426
24 157
924 902
119 272
208 402
704 132
875 998
186 369
906 222
679 52
85 941
703 299
373 396
444 439
878 600
66 453
681 113
596 3
884 80
981 722
931 551
780 880
243 469
481 101
458 951
604 251
995 166
178 762
62 540
217 902
918 17
523 747
702 202
751 336
990 737
608 684
574 309
247 335
413 453
819 648
992 106
73 925
367 18
78 214
533 549
977 600
353 800
22 707
703 485
36 645
118 79
423 136
39 832
195 554
25 639
614 816
301 627
92 85
899 830
998 608
886 588
288 806
435 574
689 805
926 155
941 386
186 117
419 814
769 335
412 603
974 488
468 901
564 818
420 279
126 662
581 122
855 736
655 206
926 68
142 587
404 218
539 309
721 231
253 53
496 491
471 67
647 383
163 548
1 218
693 860
778 689
775 79
701 827
762 722
974 745
474 768
224 53
384 286
400 421
384 71
875 63
681 463
444 940
211 755
364 202
342 492
416 654
722 697
524 905
362 151
7 968
567 512
528 845
706 707
977 465
890 646
652 390
78 508
741 348
23 395
423 646
64 124
294 693
227 388
142 357
61 864
194 991
821 84
345 968
797 914
573 967
367 22
73 590
275 864
804 336
395 736
317 237
474 721
895 292
138 965
347 696
462 905
723 901
670 754
356 328
924 955
867 34
883 504
593 925
115 235
749 782
353 627
280 693
675 891
350 526
227 181
147 432
112 795
476 154
947 110
95 689
163 988
759 813
370 38
987 963
193 963
88 804
794 138
975 771
389 207
429 87
769 962
496 709
91 545
798 446
6 545
13 187
507 868
936 1000
85 335
62 53
56 235
942 293
706 313
595 63
611 688
726 545
897 770
231 512
148 964
721 760
92 520
428 201
114 295
388 821
547 202
172 836
73 207
137 335
820 886
721 103
338 259
604 826
689 549
856 455
26 251
198 496
564 885
707 203
49 203
797 416
145 770
663 57
196 851
632 418
384 66
35 399
957 378
653 2
971 239
893 48
81 894
716 951
679 782
166 608
967 473
757 287
472 2
513 229
22 306
874 866
168 540
483 948
581 333
550 520
650 640
746 644
723 953
55 374
880 586
884 909
141 20
903 67
853 283
691 41
173 800
689 40
874 1000
631 954
288 28
679 345
708 932
359 235
710 700
379 612
14 245
662 343
460 133
458 203
247 930
620 296
614 792
4 514
701 905
26 176
10 960
141 46
532 671
171 75
201 49
165 316
639 933
583 401
668 806
163 886
561 228
681 529
846 929
820 931
302 323
616 668
219 489
940 331
423 164
323 2
958 275
27 682
579 242
490 591
472 768
232 391
384 72
356 702
470 108
60 774
823 546
142 479
208 308
700 870
966 368
158 386
853 989
119 747
215 567
414 906
140 659
273 938
410 133
30 172
75 953
273 881
104 336
158 450
360 67
198 157
148 647
793 69
911 544
495 630
137 867
660 203
115 709
996 966
208 502
741 736
897 21
47 517
637 34
795 151
269 390
411 57
731 932
538 426
993 386
727 120
846 138
924 562
526 864
503 854
431 624
830 431
984 688
469 229
566 840
185 946
189 535
116 212
72 89
511 346
118 900
110 716
81 351
58 439
194 380
900 103
311 387
251 403
6 374
626 463
743 166
730 216
636 621
142 434
221 138
555 461
942 166
528 457
231 746
610 796
989 600
299 828
519 46
853 102
614 341
810 612
261 870
290 692
297 600
498 492
110 919
85 596
986 35
553 123
618 124
444 459
529 108
798 229
325 129
528 170
177 987
521 754
821 570
948 891
943 402
121 630
825 800
279 281
842 295
886 68
460 418
124 386
110 1000
976 993
594 781
102 954
141 386
102 983
883 517
57 238
107 736
231 835
83 817
375 954
417 699
54 94
65 707
75 345
997 779
112 78
444 779
706 52
39 720
364 984
482 379
25 975
989 929
587 228
551 3
182 729
785 877
7 677
139 779
121 848
410 281
250 772
186 567
364 224
678 588
448 781
988 921
595 626
144 486
793 779
488 877
411 371
667 525
180 660
58 407
789 120
131 286
345 168
651 773
88 842
466 207
325 968
966 412
230 150
891 657
566 241
19 206
61 53
109 505
443 783
633 513
882 946
897 853
874 796
897 240
908 644
642 640
516 398
72 248
174 108
73 857
747 222
496 91
709 745
417 918
47 443
104 548
982 702
507 740
425 398
719 325
363 40
315 420
539 529
791 443
393 837
749 43
469 122
8 9
11 432
811 620
284 222
5 421
278 953
900 787
620 376
4 183
885 214
270 1
767 840
981 42
534 139
584 510
306 53
257 901
21 99
674 545
658 409
435 287
313 813
867 183
257 246
262 346
428 432
977 199
509 711
904 2
66 101
780 865
524 593
615 425
797 185
967 334
169 700
814 304
348 245
57 213
519 93
8 76
311 282
716 952
547 331
343 380
658 890
951 549
934 782
913 883
132 332
221 431
658 125
293 172
465 9
776 962
806 155
195 159
602 72
938 894
585 383
875 697
772 725
180 97
648 235
874 390
636 660
432 708
983 649
678 753
302 688
603 157
558 739
716 703
808 352
772 540
679 8
209 524
71 3
111 343
275 543
156 352
172 891
850 239
109 121
433 888
798 901
343 865
293 191
516 309
105 529
780 328
338 515
18 619
610 68
958 520
867 213
459 213
433 187
329 732
193 442
253 392
382 253
683 340
559 224
977 303
321 211
530 307
77 348
70 56
365 957
359 305
830 319
160 758
819 654
966 665
341 607
347 285
765 402
862 396
375 50
414 482
586 143
435 687
742 440
433 45
82 72
484 552
348 888
958 162
618 37
221 764
219 183
810 365
798 985
476 782
527 544
284 783
140 167
23 308
549 954
2 207
116 67
81 199
230 665
874 904
641 876
318 515
294 199
400 711
188 488
420 421
231 889
171 505
232 996
8 854
469 316
343 851
778 944
472 202
69 65
775 199
566 94
566 873
996 455
691 308
406 435
26 1
99 950
435 440
110 494
297 341
270 582
923 640
933 11
26 538
835 542
863 763
639 688
659 724
227 58
4 8
873 27
505 152
447 699
62 691
532 424
832 570
579 828
25 474
975 802
275 665
472 100
411 124
435 339
313 201
721 280
555 368
961 364
433 103
343 465
28 776
164 96
88 115
529 226
907 268
229 402
642 806
716 481
445 729
631 574
664 473
412 888
341 901
704 920
143 281
846 184
511 20
616 700
597 722
80 519
760 379
384 631
354 113
550 162
628 781
593 967
265 760
81 20
630 339
631 245
64 22
23 529
894 538
546 740
964 65
863 627
63 548
791 197
820 145
985 368
738 265
460 443
591 289
601 122
71 460
918 447
550 243
244 999
911 601
828 616
541 746
128 45
356 402
958 20
551 649
558 74
637 485
590 763
992 908
349 379
741 571
247 952
411 522
945 393
400 677
794 875
796 939
195 645
578 847
541 76
49 213
770 671
438 985
190 53
552 786
658 555
257 743
232 351
622 335
324 642
845 732
467 57
77 267
653 75
558 60
225 566
995 577
218 131
420 708
890 167
966 999
156 346
770 368
493 684
484 82
869 261
794 135
206 623
647 720
256 518
658 163
553 196
283 331
176 122
192 386
172 358
112 266
699 113
715 248
779 999
856 427
892 50
701 71
775 829
181 76
368 630
1000 233
7 646
257 644
265 481
629 889
897 893
367 210
375 278
655 146
522 378
367 572
175 617
917 220
298 222
7 141
812 670
374 657
395 605
667 562
414 626
7 52
317 650
148 800
181 399
959 41
347 216
210 204
35 546
126 346
515 396
457 978
702 570
125 772
385 226
416 711
148 596
752 878
88 57
563 214
44 216
949 587
803 292
179 736
550 302
744 930
458 357
971 314
476 230
900 327
784 822
912 680
497 548
121 743
513 89
488 699
491 457
606 308
715 425
198 715
556 583
372 836
384 507
647 962
978 786
176 720
699 296
257 987
642 2
637 797
761 501
535 567
586 427
996 547
31 4
573 87
996 777
318 530
161 151
58 674
189 603
412 754
440 829
658 244
532 649
513 671
631 872
10 462
904 887
719 164
820 881
768 939
236 287
911 724
769 701
634 113
625 371
887 260
164 387
831 775
603 223
768 836
474 168
521 246
405 197
906 6
280 420
573 854
526 893
454 823
696 427
817 228
655 178
980 932
352 20
614 671
639 342
602 84
810 805
253 289
45 844
6 131
409 932
564 302
789 202
741 469
537 365
412 351
690 932
992 832
730 330
4 249
948 153
802 977
941 489
7 505
964 812
866 540
982 503
498 601
207 848
400 252
29 607
31 793
578 272
609 665
855 434
754 499
730 671
523 599
164 735
7 597
446 439
437 449
44 331
447 606
696 506
458 604
613 618
676 44
988 307
852 199
863 702
500 711
119 448
792 511
183 540
26 325
276 242
447 783
592 711
757 378
904 962
347 388
190 275
574 806
381 23
835 248
758 776
873 248
715 46
869 206
161 142
869 113
309 396
761 794
454 432
187 94
817 449
274 302
507 805
787 781
500 872
406 439
947 229
915 184
130 981
713 532
884 87
533 3
1000 661
461 999
416 465
406 20
842 916
705 803
212 350
862 926
381 774
157 233
129 21
793 231
169 100
529 993
255 202
841 745
115 729
298 944
301 768
733 932
561 624
148 934
691 766
628 242
350 567
723 612
828 911
95 926
51 710
69 76
564 680
932 898
816 967
251 967
575 87
71 57
767 363
278 415
581 997
652 868
406 320
613 926
454 537
16 303
110 553
174 934
423 220
834 560
451 330
83 178
388 430
830 773
405 757
181 401
27 777
391 849
37 84
469 881
55 591
995 492
117 930
850 775
454 780
430 707
721 890
985 314
53 242
58 676
482 517
550 933
384 537
351 460
385 248
30 730
232 592
836 218
121 65
353 666
448 473
487 18
916 729
994 633
564 326
318 905
625 393
931 266
114 970
647 428
148 875
321 84
261 218
594 795
181 717
322 551
970 905
254 868
317 561
173 390
555 888
212 357
785 361
375 239
256 526
658 551
792 773
861 426
61 197
87 803
141 510
390 127
227 882
128 155
594 27
995 250
483 848
551 939
595 752
342 124
807 540
121 757
125 997
972 58
907 894
82 631
45 89
314 387
110 152
647 626
688 319
765 98
772 908
170 292
219 786
459 819
102 410
703 173
873 287
142 14
293 811
924 40
810 297
348 35
659 806
243 486
16 339
959 967
257 463
923 267
578 251
658 604
347 387
738 940
369 939
839 853
227 900
412 262
644 649
261 432
747 918
465 878
995 604
579 590
152 938
632 446
678 421
964 138
804 535
202 320
10 42
774 365
208 586
867 281
579 172
758 840
599 786
660 240
643 440
994 923
299 538
145 979
252 319
356 648
832 238
434 170
681 79
539 487
102 512
115 530
793 693
13 492
598 587
329 968
325 582
208 691
991 151
264 143
185 508
606 729
651 680
902 635
154 623
770 250
34 865
256 17
278 669
707 932
219 226
577 930
219 325
111 917
83 251
682 999
663 909
388 922
306 442
890 788
162 967
748 568
681 990
152 396
283 473
457 757
300 688
145 729
869 146
955 845
704 974
254 643
907 193
642 564
109 70
759 441
873 925
279 320
364 989
134 822
759 151
370 435
244 583
691 210
167 336
80 734
430 336
290 68
547 445
419 672
267 159
201 78
846 959
556 492
643 922
