93
4 21 22 23 24 59 32 70 60
4 25 26 27 28 24 93 162 25
4 1 2 9 10 68 179 89 70
8 45 46 47 48 49 50 51 52 79 149 40 48 162 154 21 81
4 29 30 31 32 30 99 78 31
4 96 97 98 99 55 4 96 54
4 13 14 15 16 158 132 27 158
4 121 122 123 124 178 20 22 178
4 6 7 18 19 38 36 9 38
8 82 83 84 85 86 87 88 89 173 47 87 161 160 50 76 173
4 8 5 20 17 167 167 78 25
4 9 10 21 22 89 156 59 89
4 10 11 22 23 156 145 32 156
4 61 62 63 64 135 9 35 135
4 12 9 24 21 88 89 60 102
8 65 66 67 68 69 70 71 72 130 27 105 3 144 174 38 130
4 18 19 26 27 9 44 93 9
4 19 20 27 28 41 149 162 43
4 105 106 107 108 51 36 10 52
3 30 3 94 85 88 99
4 4 11 30 31 100 145 99 100
4 11 104 31 32 145 78 78 145
8 129 130 131 132 133 134 135 136 35 58 58 18 179 145 117 35
4 41 42 43 44 27 172 12 29
4 37 38 39 40 147 7 112 147
8 53 54 55 56 57 58 59 60 137 85 125 151 7 13 173 137
8 74 75 76 77 78 79 80 81 70 128 94 121 125 66 149 71
4 90 91 92 93 64 128 114 65
4 36 95 44 41 26 19 29 25
5 2 3 45 46 47 179 88 79 149 179
5 3 10 47 48 49 90 156 40 48 90
5 10 11 49 50 51 156 145 162 154 156
3 45 11 73 145 144 79
5 33 34 53 54 55 91 127 137 85 91
5 34 41 55 56 57 127 25 125 151 127
5 41 42 57 58 59 27 172 7 13 29
5 42 33 59 60 53 89 91 173 137 172
4 11 12 61 62 145 102 135 145
4 12 23 62 63 102 70 9 102
4 23 24 63 64 70 30 35 70
4 24 11 64 61 145 145 135 32
5 17 18 65 66 67 78 7 130 27 78
5 18 25 67 68 69 8 25 105 3 10
5 25 26 69 70 71 24 93 144 174 24
5 26 17 71 72 65 78 78 38 130 93
3 11 2 73 179 179 144
3 2 51 73 179 23 179
3 51 52 73 21 150 23
3 52 45 73 81 79 150
5 34 35 74 75 76 127 98 70 128 127
5 35 42 76 77 78 98 172 94 121 98
5 42 43 78 79 80 172 10 125 66 172
5 43 34 80 81 74 127 127 149 71 12
5 7 8 82 83 84 36 24 173 47 36
5 8 19 84 85 86 25 44 87 161 25
5 19 20 86 87 88 41 149 160 50 44
5 20 7 88 89 82 35 36 76 173 149
4 35 36 90 91 98 23 64 98
4 36 43 91 92 26 9 128 26
4 43 44 92 93 12 23 114 12
4 44 35 93 90 98 98 65 21
3 3 4 94 90 100 88
3 4 29 94 100 30 100
3 29 30 94 30 99 30
4 36 33 44 95 91 91 19 26
4 4 1 96 97 69 70 55 100
4 1 12 97 98 70 102 4 70
4 12 9 98 99 88 89 96 102
4 9 4 99 96 100 100 54 89
8 109 110 111 112 113 114 115 116 135 14 5 56 8 17 142 135
4 11 12 31 104 145 102 78 145
4 20 17 105 106 78 78 51 149
4 17 28 106 107 78 39 36 78
4 137 138 139 140 148 66 57 148
4 25 20 108 105 149 149 52 25
5 100 101 109 110 111 22 151 135 14 22
5 101 102 111 112 113 151 74 5 56 151
5 102 103 113 114 115 74 42 8 17 74
5 103 100 115 116 109 18 22 142 135 42
4 117 118 119 120 134 46 62 134
4 5 6 121 122 167 37 178 167
4 6 17 122 123 38 78 20 38
4 17 18 123 124 78 9 22 78
4 18 5 124 121 167 167 178 9
4 125 126 127 128 103 159 61 103
5 12 3 129 130 131 90 90 35 58 102
5 3 32 131 132 133 90 64 58 18 90
5 32 29 133 134 135 31 26 179 145 64
5 29 12 135 136 129 102 102 117 35 28
4 28 25 137 138 25 25 148 39
4 25 107 138 139 25 9 66 25
4 107 108 139 140 10 67 57 9
4 108 28 140 137 39 39 148 67
