92
8 9 10 11 12 13 14 15 16 543 164 216 155 73 473 46 543
8 25 26 27 28 29 30 31 32 232 15 191 145 454 336 498 232
5 1 2 9 10 11 587 246 543 164 587
5 2 3 11 12 13 246 136 216 155 246
5 3 4 13 14 15 139 156 73 473 139
5 4 1 15 16 9 587 587 46 543 156
4 116 117 118 119 590 552 515 590
4 33 99 35 36 450 134 134 450
4 58 59 60 61 307 472 419 309
4 7 8 23 24 24 367 234 24
8 38 39 40 41 42 43 44 45 523 24 4 27 488 149 289 523
5 21 22 25 26 27 63 31 232 15 63
5 22 23 27 28 29 32 234 191 145 33
5 23 24 29 30 31 234 19 454 336 234
5 24 21 31 32 25 63 63 498 232 16
4 120 121 122 123 583 129 266 583
8 50 51 52 53 54 55 56 57 544 502 68 589 434 536 579 544
4 21 22 35 36 63 29 134 63
8 67 68 69 70 71 72 73 74 86 235 35 309 401 184 325 88
4 104 105 106 107 349 3 256 349
5 8 37 38 39 40 367 145 523 24 367
5 37 24 40 41 42 15 18 4 27 145
5 24 21 42 43 44 63 63 488 149 19
5 21 8 44 45 38 367 367 289 523 62
4 46 47 48 49 524 376 158 524
5 6 21 50 51 52 161 62 544 502 161
5 21 34 52 53 54 63 430 68 589 63
5 34 35 54 55 56 430 136 434 536 430
5 35 6 56 57 50 161 161 579 544 134
4 6 7 58 59 161 22 307 161
8 108 109 110 111 112 113 114 115 190 193 459 34 211 517 156 190
4 22 23 60 61 32 234 419 33
4 23 6 61 58 160 161 309 234
4 75 76 77 78 597 218 453 597
8 91 92 93 94 95 96 97 98 92 141 38 402 278 585 546 91
5 22 62 67 68 69 32 574 86 235 30
5 62 36 69 70 71 209 209 35 309 574
5 36 33 71 72 73 450 450 401 184 209
5 33 22 73 74 67 32 33 325 88 450
4 136 137 138 139 154 517 407 155
4 5 36 76 77 104 209 218 106
4 79 80 81 82 157 78 209 160
3 75 62 141 572 574 597
8 83 84 85 86 87 88 89 90 86 462 441 342 324 488 77 89
4 62 77 80 81 574 453 78 574
4 100 101 102 103 598 383 425 598
4 78 36 82 79 209 209 160 65
5 36 62 83 84 85 209 574 86 462 209
5 62 79 85 86 87 574 159 441 342 574
5 79 80 87 88 89 157 80 324 488 160
5 80 36 89 90 83 209 209 77 89 80
5 63 64 91 92 93 122 260 92 141 123
5 64 65 93 94 95 260 354 38 402 260
5 65 66 95 96 97 354 149 278 585 354
5 66 63 97 98 91 123 123 546 91 149
4 33 140 35 99 450 136 134 450
4 77 78 100 101 453 67 598 453
4 78 81 101 102 70 211 383 70
4 81 82 102 103 209 247 425 211
4 82 77 103 100 453 453 598 246
4 8 5 104 105 106 106 349 367
4 5 24 105 106 106 19 3 106
8 124 125 126 127 128 129 130 131 444 58 525 301 291 160 464 444
4 37 8 107 104 367 367 349 144
5 7 22 108 109 110 20 33 190 193 24
5 22 59 110 111 112 31 472 459 34 33
5 59 60 112 113 114 472 419 211 517 472
5 60 7 114 115 108 23 24 156 190 419
4 17 18 116 117 367 95 590 367
4 132 133 134 135 169 560 91 169
4 19 20 118 119 124 362 515 126
4 20 17 119 116 367 367 590 360
4 5 6 120 121 106 161 583 106
4 6 33 121 122 160 450 129 161
4 33 34 122 123 450 430 266 450
4 34 5 123 120 105 106 583 430
5 24 37 124 125 126 15 145 444 58 19
5 37 106 126 127 128 143 256 525 301 145
5 106 107 128 129 130 256 508 291 160 256
5 107 24 130 131 124 19 19 464 444 508
4 18 19 132 133 95 126 169 96
4 19 117 133 134 123 552 560 126
4 117 118 134 135 552 517 91 552
4 118 18 135 132 96 96 169 517
4 22 5 136 137 106 106 154 32
4 5 75 137 138 105 597 517 106
4 75 76 138 139 597 218 407 597
4 76 22 139 136 33 33 155 219
4 33 34 35 140 450 430 136 450
3 62 22 141 32 31 574
3 22 78 141 33 66 31
3 78 75 141 597 597 66
