90
3 4 1 5 2219 2119 152
3 1 2 5 2219 2626 2119
3 5 2 6 2626 2626 2207
3 3 4 5 788 152 798
3 6 2 44 2626 2626 2438
3 3 5 6 798 2207 796
8 36 37 38 39 40 41 42 43 2599 1619 2055 1042 154 2311 2399 2599
8 19 20 21 22 23 24 25 26 2295 2366 2327 260 2638 2170 2437 2295
3 72 69 135 1862 1845 271
8 106 107 108 109 110 111 112 113 1300 705 1958 501 1681 2597 1121 1300
4 94 95 96 97 2208 2322 3 2208
8 28 29 30 31 32 33 34 35 2712 2456 787 1059 955 861 353 2712
5 11 12 19 20 21 166 927 2295 2366 283
5 12 13 21 22 23 817 1108 2327 260 927
5 13 14 23 24 25 967 1497 2638 2170 1108
5 14 11 25 26 19 174 283 2437 2295 1497
4 9 10 17 27 2019 229 3 2019
5 10 7 28 29 30 75 184 2712 2456 229
5 7 18 30 31 32 59 335 787 1059 184
5 18 15 32 33 34 2286 2286 955 861 214
5 15 10 34 35 28 110 229 353 2712 2286
5 15 16 36 37 38 2286 898 2599 1619 2286
5 16 17 38 39 40 1020 3 2055 1042 1020
5 17 18 40 41 42 3 335 154 2311 3
5 18 15 42 43 36 2286 2286 2399 2599 217
3 2 3 44 2626 796 2626
3 3 6 44 796 2438 796
8 82 83 84 85 86 87 88 89 2320 2264 608 1412 2746 1862 309 2320
4 7 8 15 46 72 1642 2286 76
4 8 9 47 48 1510 2019 2110 1642
8 51 52 53 54 55 56 57 58 1207 398 1695 1348 64 2150 393 1207
4 16 45 49 50 1020 23 724 1020
4 45 8 50 47 1642 1642 2110 3
5 9 16 51 52 53 2019 1020 1207 398 2019
5 16 48 53 54 55 921 1489 1695 1348 1020
5 48 49 55 56 57 1489 718 64 2150 1489
5 49 9 57 58 51 2019 2019 393 1207 816
4 59 60 61 62 583 2423 2792 707
4 7 46 15 63 76 2286 2286 53
4 47 48 64 65 2110 1368 2099 2110
8 73 74 75 76 77 78 79 80 506 1440 1881 1643 2364 5 2193 506
4 49 50 66 67 724 2463 1297 816
4 90 91 92 93 1087 839 2673 1102
4 7 63 15 68 53 2286 2286 88
4 7 68 69 70 88 2152 1972 184
4 68 134 70 71 2038 2359 2248 2039
4 102 103 104 105 2442 713 2075 2442
4 16 7 72 69 61 184 1862 1020
5 48 49 73 74 75 1489 816 506 1440 1489
5 49 65 75 76 77 816 102 1881 1643 816
5 65 66 77 78 79 116 1413 2364 5 120
5 66 48 79 80 73 1489 1489 2193 506 1413
4 68 15 70 81 2286 2286 2359 2048
5 64 65 82 83 84 2099 121 2320 2264 2099
5 65 66 84 85 86 116 1413 608 1412 226
5 66 67 86 87 88 1297 1533 2746 1862 1413
5 67 64 88 89 82 2099 2099 309 2320 1533
4 50 47 90 91 2110 2110 1087 2463
4 47 67 91 92 2110 1416 839 2110
8 122 123 124 125 126 127 128 129 2293 1696 302 1639 1075 3 1653 2293
4 64 50 93 90 2463 2463 1102 2099
4 9 27 94 95 2019 3 2208 2019
4 27 17 95 96 3 83 2322 3
4 17 18 96 97 3 335 3 83
4 18 9 97 94 2019 2019 2208 228
4 67 64 98 99 2099 2099 4 1533
4 64 92 99 100 2007 2673 2477 2099
4 92 93 100 101 2673 752 3 2673
8 114 115 116 117 118 119 120 121 3 794 566 1126 2035 1410 688 3
4 15 16 102 103 2286 927 2442 2286
4 16 71 103 104 889 2579 713 1020
4 71 72 104 105 2579 263 2075 2579
4 72 15 105 102 2286 2286 2442 258
5 8 45 106 107 108 1642 23 1300 705 1642
5 45 16 108 109 110 1020 1020 1958 501 3
5 16 17 110 111 112 1020 3 1681 2597 1020
5 17 8 112 113 106 1642 1642 1121 1300 3
5 93 67 114 115 116 1533 1533 3 794 752
5 67 101 116 117 118 1533 449 566 1126 1533
5 101 98 118 119 120 3 13 2035 1410 555
5 98 93 120 121 114 752 752 688 3 8
5 98 99 122 123 124 4 2477 2293 1696 22
5 99 100 124 125 126 2477 3 302 1639 2477
5 100 101 126 127 128 3 555 1075 3 3
5 101 98 128 129 122 3 121 1653 2293 555
4 130 131 132 133 1773 1546 2210 1773
4 68 81 70 134 2048 2359 2359 2038
3 69 70 135 1972 2359 1845
3 70 71 135 2248 2579 2359
3 71 72 135 2579 271 2579
