16 143
1 1 1 15
1 15 13 15
13 15 13 5
13 5 5 5
5 5 5 11
5 11 9 11
9 11 9 9
9 9 7 9
7 9 7 7
7 7 11 7
11 7 11 13
11 13 3 13
3 13 3 3
3 3 13 3
13 3 13 1
13 1 1 1
0 0
0 1
0 2
0 3
0 4
0 5
0 6
0 7
0 8
0 9
0 10
0 11
0 12
0 13
0 14
0 15
0 16
1 0
1 16
2 0
2 2
2 3
2 4
2 5
2 6
2 7
2 8
2 9
2 10
2 11
2 12
2 13
2 14
2 16
3 0
3 2
3 14
3 16
4 0
4 2
4 4
4 5
4 6
4 7
4 8
4 9
4 10
4 11
4 12
4 14
4 16
5 0
5 2
5 4
5 12
5 14
5 16
6 0
6 2
6 4
6 6
6 7
6 8
6 9
6 10
6 12
6 14
6 16
7 0
7 2
7 4
7 6
7 10
7 12
7 14
7 16
8 0
8 2
8 4
8 6
8 8
8 10
8 12
8 14
8 16
9 0
9 2
9 4
9 6
9 8
9 12
9 14
9 16
10 0
10 2
10 4
10 6
10 8
10 9
10 10
10 11
10 12
10 14
10 16
11 0
11 2
11 4
11 6
11 14
11 16
12 0
12 2
12 4
12 6
12 7
12 8
12 9
12 10
12 11
12 12
12 13
12 14
12 16
13 0
13 4
13 16
14 0
14 1
14 2
14 3
14 4
14 5
14 6
14 7
14 8
14 9
14 10
14 11
14 12
14 13
14 14
14 15
14 16
